920
957
967
964
959
938
933
963
972
963
954
960
931
916
968
988
986
986
959
926
939
963
977
972
961
941
925
942
973
998
996
994
971
954
971
997
1007
1005
967
943
967
1001
1006
1005
982
964
946
994
1021
1019
957
921
904
931
935
931
961
979
1006
979
947
955
983
993
983
946
924
986
994
990
993
943
954
987
998
985
967
967
993
1015
1012
998
977
995
1009
1013
999
968
965
988
993
989
955
949
976
1003
995
958
961
974
979
978
947
938
974
963
960
938
942
979
974
974
936
916
947
944
949
936
923
937
960
979
984
947
948
974
980
979
962
940
956
977
997
982
949
928
960
973
966
941
927
935
968
969
971
948
957
976
982
988
964
944
943
970
978
975
977
957
923
932
951
956
975
978
973
970
963
945
965
970
955
971
976
976
1000
986
997
996
989
981
987
972
953
955
961
929
982
1007
1011
1001
967
943
965
967
969
938
913
920
947
947
953
944
923
924
947
962
935
924
955
960
967
949
918
929
963
978
975
961
941
967
977
977
977
931
927
941
948
936
922
938
949
960
936
921
942
956
960
954
921
934
960
978
963
949
968
972
983
959
938
953
975
961
931
922
965
973
975
939
937
976
991
992
978
944
941
971
984
985
937
934
960
979
991
990
954
953
987
987
991
955
929
951
970
980
951
934
966
974
969
938
907
944
964
967
963
937
937
967
974
987
976
942
951
979
986
990
1012
976
950
994
1009
1004
990
943
940
964
975
995
974
944
932
966
995
1011
1001
962
950
982
995
984
983
972
961
922
937
968
986
976
933
927
939
957
959
962
929
972
985
944
965
969
931
934
967
984
992
1000
973
993
990
957
963
984
982
1000
983
951
948
968
981
973
976
967
953
943
983
981
937
953
977
975
977
974
976
982
947
956
938
953
945
918
959
977
1000
1004
969
994
975
967
932
858
866
879
868
859
854
830
807
851
882
876
831
814
823
802
799
796
792
792
784
782
779
781
771
761
756
755
762
742
719
712
702
751
764
789
763
768
716
762
726
753
731
729
718
711
709
715
703
683
685
691
701
712
694
706
722
706
723
709
705
704
711
712
728
727
724
713
729
691
714
702
713
709
697
710
692
696
703
680
699
698
702
697
702
693
688
708
686
700
688
690
679
692
685
689
679
684
667
680
691
706
684
704
689
697
688
681
701
688
697
664
707
683
700
678
680
688
682
707
675
677
700
702
685
700
680
683
697
682
694
671
694
670
676
660
671
685
667
678
686
703
728
749
760
791
752
697
702
689
672
721
736
766
750
759
783
768
783
784
795
832
805
804
828
732
747
677
708
716
734
706
728
709
708
729
709
736
717
738
778
747
723
716
794
822
791
809
791
819
804
810
774
753
761
748
783
776
779
821
801
824
817
813
838
811
806
808
779
812
830
804
820
817
811
845
819
838
830
843
839
827
862
826
857
840
853
869
866
886
852
880
899
845
853
812
846
812
826
875
936
915
930
904
924
928
892
917
891
924
907
895
950
913
956
936
979
939
968
938
971
938
963
933
980
942
977
940
947
934
956
929
931
957
933
972
917
951
907
959
911
937
937
903
941
972
934
958
935
941
938
927
935
910
940
914
947
1007
969
978
956
960
936
963
927
919
917
910
910
900
897
964
986
976
999
987
982
983
1004
985
987
957
971
1007
967
989
964
950
989
968
975
1006
979
991
972
1000
972
1001
981
969
995
974
1013
973
1016
985
990
1008
991
997
952
1000
991
941
908
937
972
973
948
978
966
985
975
983
991
972
953
986
928
930
1005
998
993
976
973
969
955
961
939
940
948
943
956
948
976
948
962
941
973
954
993
912
881
879
911
913
938
945
972
962
997
976
982
977
972
992
960
979
997
978
930
966
978
947
973
968
957
974
945
969
976
953
984
970
964
984
963
995
955
977
950
977
956
972
957
958
986
963
999
953
945
981
953
991
966
999
963
1001
969
997
971
993
979
1004
976
1004
972
989
985
978
942
958
933
953
935
960
947
989
977
970
967
1006
976
997
972
979
998
962
998
962
997
951
963
960
889
918
953
980
964
984
970
974
962
968
958
975
982
976
1006
992
993
1010
966
1003
1018
960
976
936
954
915
943
953
922
956
961
962
985
957
986
970
988
969
979
994
964
1015
986
988
985
960
981
962
961
948
940
931
955
921
969
948
975
960
979
965
974
992
1020
982
1010
982
1016
988
983
917
968
1016
979
994
984
964
974
955
959
961
978
975
991
994
979
1004
1004
1024
996
1012
988
1008
949
979
979
937
966
969
1007
1003
1023
1018
1024
1038
1023
1063
1008