885
913
887
904
900
882
900
890
879
896
885
905
902
905
903
918
886
896
897
854
857
857
863
866
860
852
880
883
860
883
886
862
869
873
847
860
871
846
872
871
873
902
876
894
893
899
886
857
869
860
840
852
857
840
876
879
870
891
886
875
889
882
876
884
885
871
895
889
863
877
886
864
875
875
871
862
871
858
853
865
866
858
878
873
862
904
852
855
859
861
844
851
859
847
860
867
853
879
872
862
876
873
858
845
870
867
858
851
867
859
854
889
831
858
862
850
859
858
858
856
871
869
863
872
859
866
877
875
880
860
868
859
841
860
848
828
810
826
832
828
870
854
815
852
853
839
884
847
854
871
877
861
874
871
865
877
870
875
903
848
873
869
867
899
887
858
875
873
859
880
876
866
903
859
875
910
867
879
886
873
870
901
848
859
879
863
859
871
860
857
894
839
854
861
857
855
869
859
871
881
867
871
876
882
858
871
865
852
893
877
844
904
892
861
888
886
870
874
885
868
872
899
847
874
900
853
866
910
857
863
907
893
853
912
894
854
916
896
860
917
899
862
923
884
885
919
898
863
916
894
861
906
866
875
910
896
863
908
894
864
908
891
866
882
915
896
860
914
900
870
924
910
878
926
876
889
913
852
908
888
848
899
853
904
886
896
847
911
857
909
897
852
914
875
899
899
904
901
853
918
862
913
894
865
903
898
858
909
895
897
898
870
908
855
879
902
867
885
886
889
895
858
899
849
891
879
873
821
888
872
852
859
890
876
874
837
902
884
881
877
828
894
838
835
869
854
858
867
864
835
885
839
883
875
870
874
841
843
832
841
864
826
862
863
847
856
838
896
886
882
839
900
890
862
862
896
844
863
886
849
881
882
891
886
902
893
899
902
859
919
899
856
916
897
887
892
847
912
900
896
891
903
902
869
900
889
893
854
862
883
873
872
867
881
826
534
991
811
837
831
833
838
813
825
812
798
782
762
746
741
729
722
717
715
712
707
704
684
645
705
683
680
668
669
657
655
659
653
646
651
650
643
553
496
414
750
504
541
735
648
643
639
636
635
635
631
636
632
630
633
518
731
633
624
483
730
626
619
615
615
612
610
498
706
612
605
603
601
598
596
599
596
595
590
588
586
509
480
500
700
604
591
449
689
593
582
496
660
584
577
577
572
573
567
568
566
566
564
560
558
559
555
553
551
551
546
547
545
544
541
540
541
539
534
533
536
527
535
528
529
527
524
523
524
522
520
521
519
519
517
516
516
516
514
510
512
512
511
509
508
511
506
506
504
504
506
503
502
505
504
502
461
540
504
501
498
500
499
499
500
495
497
500
496
493
490
493
492
493
486
488
489
476
501
485
485
486
484
483
483
484
480
479
481
479
479
702
729
485
472
476
475
477
471
373
1035
480
470
473
472
470
463
473
471
467
465
468
420
506
467
465
460
464
462
922
459
462
463
459
458
462
458
458
453
456
457
457
458
452
458
461
457
453
454
463
462
459
458
459
458
472
469
465
463
473
474
467
469
473
479
478
472
481
483
481
486
479
482
482
486
494
493
493
491
494
496
490
499
503
498
496
498
333
654
533
514
513
515
523
520
520
526
529
527
526
536
537
531
528
530
555
563
559
554
552
561
585
580
576
570
577
586
579
570
577
585
574
565
563
561
562
561
565
566
560
565
560
556
552
553
557
551
554
562
573
579
577
579
590
595
588
584
587
587
574
576
590
604
615
610
591
581
581
592
595
589
593
603
602
594
608
599
591
590
596
589
588
611
612
606
608
612
611
609
612
604
607
608
609
602
605
606
607
612
616
613
616
609
607
610
614
606
604
614
619
609
612
613
609
621
629
629
627
629
620
612
620
631
634
625
625
630
631
625
645
756
745
730
710
691
689
685
702
709
703
691
702
710
702
688
694
693
682
676
685
696
689
708
716
705
717
734
723
715
718
701
689
688
693
687
675
683
703
725
750
742
720
718
727
737
727
712
717
722
711
706
714
721
713
707
725
718
714
724
727
716
716
725
722
714
722
713
707
723
731
727
727
721
707
705
694
700
705
694
689
706
720
710
719
731
715
707
724
713
696
681
681
687
681
686
697
692
692
714
706
710
726
717
715
730
718
715
726
708
710
712
739
750
738
733
735
729
719
719
726
717
724
729
727
734
733
725
729
722
708
705
725
738
731
730
740
738
727
721
731
724
734
726
719
718
727
724
724
706
693
706
706
707
703
692
684
670
674
679
677
672
670
665
659
659
660
659
650
675
686
680
686
687
675
681
686
685
684
680
671
669
665
664
667
661
656
656
664
676
673
673
705
729
719
712
718
719
734
738
729
731
737
726
725
738
747
752
747
734
727
728
713
715
720
709
710
723
731
737
741
725
714
708
716
710
706
697
688
682
672
668
671
675
679
693
703
707
712
712
709
696
691
682
678
665
660
656
659
671
673
674
681
688
689
684
679
676
669
665
664
652
646
644
644
644
649
650
660
672
680
697
718
716
729
729
737
745
737
731
757
757
740
736
742
748
734
741
752
749
747
748
745
739
739
743
741
737
731
726
711
702
707
705
716
721
725
725
729
719
711
709
721
716
720
736
729
727
741
753
765
770
759
746
736
750
741
727
736
730
729
721
710
703
716
719
714
706
703
722
727
725
729
739
735
739
747
739
733
737
728
719
708
704
700
695
703
713
716
728
736
729
726
737
