749
757
767
769
785
803
806
819
828
866
880
896
918
987
907
889
845
832
839
858
855
847
881
873
896
899
914
913
928
925
910
906
893
880
894
892
913
934
938
920
923
913
913
918
920
896
920
933
928
938
944
928
934
931
907
913
897
883
897
896
896
885
893
888
904
892
872
867
852
871
874
875
859
866
868
886
896
883
906
896
883
909
910
904
917
908
915
920
909
908
901
900
906
911
896
905
904
904
903
914
902
900
901
879
894
892
875
868
882
849
846
856
852
855
867
871
872
884
903
899
890
897
902
895
892
905
887
894
913
910
908
921
913
906
899
890
882
882
878
865
871
875
867
873
876
882
894
879
884
888
875
865
881
880
868
883
889
869
868
867
863
867
866
857
875
857
864
863
877
905
874
875
852
809
809
842
867
863
853
843
839
826
829
806
799
791
779
775
787
799
799
796
796
790
753
747
759
773
771
797
801
805
823
817
816
825
835
829
814
804
796
787
806
796
794
807
803
812
815
808
813
814
840
841
864
849
834
866
854
838
825
816
820
822
813
822
825
825
834
844
843
851
850
848
826
836
833
823
830
823
819
810
814
807
801
791
794
801
806
808
820
806
808
820
821
821
836
840
838
843
851
840
841
834
829
827
825
825
834
832
822
813
811
793
806
807
812
816
813
823
820
818
805
819
817
813
824
838
827
828
847
855
836
838
853
850
839
845
841
842
845
849
849
859
858
857
889
895
896
916
918
913
926
937
924
931
923
909
920
919
902
919
914
898
905
921
914
908
913
891
870
865
842
835
842
828
811
833
824
821
830
838
820
839
856
848
858
879
886
888
905
918
902
911
902
893
893
901
901
917
925
907
919
907
892
877
881
875
872
868
875
862
872
876
859
878
896
883
903
913
907
891
894
888
864
877
877
865
875
886
869
855
833
805
827
842
821
828
833
835
850
849
831
835
841
842
829
850
854
863
918
864
886
830
815
822
818
813
806
815
797
798
798
776
782
777
777
777
773
765
762
753
749
755
756
757
750
744
739
740
735
449
280
729
721
725
719
713
720
639
774
704
705
705
701
477
915
699
691
687
697
686
695
694
689
694
689
689
683
683
684
684
383
306
687
693
689
688
694
690
689
687
684
692
690
688
688
688
688
683
683
677
677
674
665
671
665
303
362
657
479
839
656
655
651
656
652
650
654
655
1313
660
666
672
666
671
671
674
666
674
676
680
682
690
692
698
700
701
702
705
711
713
718
722
720
721
721
724
729
733
737
742
749
750
740
736
742
739
759
775
769
736
727
738
736
733
741
746
736
745
737
738
737
744
742
741
721
679
701
728
743
735
746
775
778
761
753
756
756
747
752
756
761
752
761
790
812
794
781
781
798
785
795
798
790
789
788
785
780
782
771
779
790
785
805
816
814
805
814
809
797
808
804
798
808
806
798
802
790
785
802
802
810
813
823
815
811
821
813
795
814
809
800
824
832
816
825
809
804
808
800
792
806
804
795
802
803
796
788
796
794
798
816
844
831
816
818
807
808
807
797
799
800
794
807
815
812
809
831
842
823
840
824
801
807
791
780
783
1628
805
801
784
795
787
781
792
793
795
803
808
815
825
839
814
1633
804
807
802
809
806
809
807
845
842
838
834
813
814
810
803
804
796
805
814
812
815
815
843
852
854
835
809
801
788
771
759
760
751
771
776
772
799
807
813
839
849
846
861
851
845
836
835
825
896
978
985
942
932
908
868
839
855
854
841
851
825
816
810
803
793
810
806
797
816
816
797
809
812
803
825
839
830
853
837
818
821
818
813
826
839
825
853
842
827
817
629
1045
854
853
882
861
868
870
854
857
861
851
851
856
878
882
872
932
926
930
918
906
903
878
879
885
877
890
891
924
938
932
919
890
873
873
861
862
865
874
903
893
910
896
899
895
867
882
875
868
863
882
881
856
900
902
871
852
844
844
882
942
990
917
914
934
909
887
902
930
952
968
929
897
860
847
866
888
882
886
894
891
933
934
927
922
918
904
919
932
935
938
938
954
971
959
951
939
904
868
833
819
818
806
819
830
874
932
982
976
1036
1019
989
937
920
907
940
1013
1016
971
933
890
872
852
857
857
909
933
939
952
967
932
905
906
885
887
857
891
900
927
933
911
905
886
881
868
872
890
897
905
913
920
921
908
892
896
888
