730
647
625
708
680
682
779
811
810
815
846
841
850
854
859
870
864
873
875
885
876
870
834
830
839
838
779
835
860
840
857
879
848
872
911
877
884
901
877
907
893
896
892
893
894
888
872
872
897
835
884
807
853
846
786
870
907
836
821
862
828
800
813
812
801
811
796
805
788
800
780
784
829
788
772
798
818
808
847
767
768
863
772
791
813
865
757
764
845
767
770
851
775
778
812
800
814
760
785
841
815
814
852
771
781
821
828
795
820
805
542
1056
933
936
905
966
915
900
909
876
893
884
862
878
884
859
870
902
894
899
905
863
874
887
870
881
884
879
861
885
888
873
904
873
862
872
897
872
896
884
867
891
887
861
876
904
876
883
901
881
875
905
890
882
899
874
886
907
874
888
895
870
864
891
879
877
879
894
844
847
876
873
854
869
869
847
828
878
855
826
854
866
842
834
883
870
882
877
854
828
847
866
835
826
841
836
819
817
840
845
844
813
834
851
851
807
804
816
822
790
785
801
814
811
804
800
810
821
820
798
799
810
816
808
793
795
814
815
798
798
813
835
826
819
809
864
882
890
874
846
845
840
858
851
842
799
805
831
835
784
785
808
826
821
823
840
848
835
828
777
806
791
808
838
801
808
862
833
854
850
879
833
912
944
924
890
906
884
852
831
845
840
835
834
847
844
831
828
844
854
842
841
863
858
846
857
860
850
855
866
846
804
913
939
905
881
881
850
859
891
892
853
855
885
855
839
838
880
840
840
847
859
829
801
806
821
819
797
782
796
811
802
787
786
794
823
811
796
790
807
821
817
798
803
820
828
810
804
810
822
813
801
817
833
835
814
827
839
821
824
832
841
846
832
860
854
791
832
865
852
853
838
879
808
874
889
892
878
863
860
839
833
855
853
804
805
816
824
812
824
835
849
825
834
851
805
886
884
888
834
838
891
867
837
772
819
818
802
777
814
822
842
813
811
847
851
812
821
835
823
804
815
844
828
785
788
806
813
778
771
780
784
793
754
742
745
741
765
768
754
724
725
729
733
774
744
730
714
725
735
753
753
730
710
704
726
729
745
717
730
697
699
691
730
729
709
717
691
706
703
715
710
717
688
681
687
689
700
696
693
692
682
665
678
681
688
692
682
679
673
675
662
675
677
680
675
680
670
674
675
675
623
641
643
628
669
604
683
625
682
619
694
631
676
622
689
612
616
613
672
616
667
630
657
627
659
611
686
620
660
623
686
611
687
622
669
621
669
624
639
607
659
611
661
587
658
612
648
606
650
617
632
625
629
624
610
610
616
618
612
616
616
624
613
612
615
615
605
613
615
612
609
610
616
615
613
613
618
619
617
616
617
621
606
609
610
621
616
615
614
620
624
618
620
626
623
617
623
622
619
618
622
626
619
617
618
618
618
613
626
635
651
594
447
575
495
553
561
563
625
650
683
701
723
743
745
754
758
761
740
757
752
749
748
746
721
726
739
726
731
739
736
718
723
750
748
734
727
749
748
744
729
745
736
740
723
725
726
715
711
702
706
718
728
729
719
724
738
742
717
729
721
744
738
728
722
732
748
754
754
740
760
762
746
736
741
731
739
737
730
754
757
735
735
747
758
745
729
747
737
751
739
748
779
769
761
764
786
802
762
766
789
813
773
800
804
811
775
820
791
798
809
803
813
826
816
806
813
846
792
805
799
836
772
834
821
810
807
846
784
814
849
813
826
813
833
806
849
818
812
828
847
794
828
826
815
802
837
809
803
839
792
819
837
827
811
863
831
834
846
837
831
836
841
838
824
846
847
840
855
851
855
862
855
846
858
861
841
872
842
816
873
818
822
868
801
822
870
813
817
854
829
813
847
835
803
816
829
801
802
842
826
809
829
824
806
1625
799
808
783
835
804
809
826
817
805
805
829
804
813
817
825
810
829
827
844
842
829
828
816
828
813
830
839
833
816
827
813
801
842
817
831
824
830
827
832
845
834
824
849
831
820
835
854
822
811
846
818
804
814
819
815
809
813
823
813
813
826
814
823
837
841
813
839
841
828
834
848
841
813
826
830
813
816
811
825
820
815
819
808
825
835
822
829
825
836
842
822
849
838
818
858
826
845
833
843
836
829
843
832
791
780
772
760
740
747
771
791
807
768
791
827
810
812
813
851
826
801
854
832
830
823
842
839
809
850
837
806
780
817
797
802
790
804
813
800
802
802
819
818
819
823
826
812
851
823
834
813
855
819
812
829
823
811
813
826
826
818
815
841
837
808
833
812
815
793
825
808
798
800
798
794
809
765
724
781
784
803
816
796
803
800
813
763
824
727
773
784
782
813
722
823
736
828
829
848
838
835
839
853
852
852
862
859
833
871
853
829
838
856
857
827
868
824
815
821
827
827
807
812
826
828
796
806
830
770
825
789
782
768
775
775
780
786
791
779
791
757
867
814
794
809
803
