824
794
816
764
823
759
821
821
822
748
813
796
815
754
810
756
805
760
808
763
813
736
803
784
825
762
819
820
813
744
813
763
803
816
799
750
799
749
794
804
805
752
810
767
801
812
806
750
808
761
800
758
799
747
801
803
799
749
805
756
801
772
797
749
798
759
799
763
798
753
804
792
806
765
792
747
808
768
808
774
811
762
813
773
808
770
806
765
812
778
803
783
811
754
813
786
801
749
804
763
809
750
810
767
817
776
810
760
812
766
812
766
808
768
812
789
813
771
807
767
812
763
820
740
805
754
797
785
806
765
795
749
790
734
750
766
766
775
741
758
721
769
768
788
759
787
729
772
751
779
740
781
762
767
723
785
759
792
777
787
739
784
758
788
758
773
769
778
734
774
711
767
744
764
754
770
757
794
779
789
709
781
796
797
749
781
710
758
735
771
746
753
783
777
784
747
793
741
769
712
769
728
760
701
749
727
771
755
771
732
774
744
773
745
764
732
780
784
783
741
790
771
797
757
795
756
785
784
804
754
791
767
797
742
784
727
764
760
774
750
777
745
765
764
777
759
778
753
786
772
787
750
768
764
774
734
805
805
816
790
831
765
806
795
815
756
801
743
789
759
808
766
800
753
796
754
805
782
809
761
804
791
816
755
792
761
797
732
787
761
796
753
800
776
800
789
805
761
811
758
791
793
805
752
790
723
775
738
771
743
770
729
794
756
809
781
820
759
789
781
780
730
774
732
767
721
770
753
768
720
771
746
773
750
771
743
783
771
769
774
778
755
778
747
789
759
777
775
782
722
773
747
770
752
772
736
783
769
774
786
813
738
800
739
780
746
787
760
782
765
789
756
795
763
791
758
792
765
778
783
786
762
785
758
781
743
785
766
774
708
778
756
787
764
783
750
787
771
783
752
788
766
783
755
792
763
793
751
791
763
797
760
787
756
802
765
796
738
791
758
799
780
794
756
795
768
793
775
796
768
799
743
790
764
799
766
790
754
795
766
796
757
787
759
795
778
800
775
801
763
802
780
795
726
795
778
799
771
804
766
806
774
802
765
807
782
803
764
800
761
802
774
793
698
747
777
727
767
728
756
720
742
684
734
738
732
707
734
724
717
705
710
679
717
713
697
683
687
667
681
670
667
663
664
650
655
638
642
646
629
651
643
641
646
642
631
646
631
633
643
624
641
633
632
632
622
624
631
614
622
630
496
766
622
636
636
621
630
622
616
620
609
620
630
605
624
618
608
616
610
609
613
603
605
614
594
613
609
592
604
600
595
604
590
597
597
588
598
590
596
595
586
589
590
584
590
586
580
578
588
579
586
585
575
587
586
575
590
581
588
581
587
587
579
587
582
582
582
579
577
582
574
579
572
580
578
570
574
578
573
563
574
570
566
575
564
572
563
558
565
560
545
566
556
550
556
555
550
550
555
550
557
553
547
553
547
549
545
540
548
544
541
540
543
547
537
545
539
538
531
538
536
531
539
533
532
1091
538
538
534
531
529
532
530
527
535
532
526
531
528
530
522
530
526
528
523
528
527
521
523
524
520
523
519
519
519
521
515
519
516
514
513
515
515
510
516
512
508
510
513
514
510
515
517
520
511
516
519
527
527
527
524
528
535
542
535
532
537
538
536
532
539
542
541
540
534
537
537
539
544
546
543
554
556
560
555
553
559
566
574
568
571
581
590
578
578
583
572
566
588
590
578
570
588
598
595
582
587
596
578
581
583
589
562
568
562
549
561
561
549
558
558
565
549
554
559
563
559
560
566
560
552
566
565
556
564
569
563
555
575
587
587
583
584
595
603
598
583
590
594
592
582
588
600
613
601
597
592
586
578
569
578
576
561
581
588
583
563
585
580
579
567
583
583
583
566
576
573
573
575
559
571
578
571
565
574
575
577
581
568
578
586
589
569
573
574
570
574
563
579
584
587
583
574
593
609
625
614
595
606
608
604
583
604
604
584
601
604
600
602
592
592
603
618
603
604
618
619
607
603
588
602
613
608
606
623
633
623
626
613
608
626
652
655
615
660
645
642
645
624
635
635
625
626
621
614
621
604
608
604
602
599
594
583
616
631
647
635
610
620
635
643
624
622
614
626
625
609
629
625
623
613
600
630
641
637
640
643
631
639
631
636
636
641
613
630
639
636
631
644
645
620
633
625
606
625
627
625
609
606
610
626
632
618
635
632
622
625
621
607
620
608
620
632
629
604
616
665
677
668
668
656
677
676
671
618
672
646
667
640
683
659
671
722
684
673
664
639
672
643
662
627
676
649
668
641
674
715
720
690
675
672
654
656
625
619
625
614
632
658
662
639
678
667
661
680
674
672
664
665
661
652
662
665
649
663
662
654
655
666
660
649
646
652
650
650
654
646
663
658
660
666
649
646
657
675
685
672
666
669
655
665
689
690
696
688
674
660
646
658
665
652
660
670
672
674
688
688
674
692
688
675
686
705
682
674
710
660
699
676
706
686
699
646
685
687
663
678
666
688
665
695
704
725
684
725
714
752
729
729
754
725
710
732
702
709
709
711
664
699
692
687
691
682
697
690
683
693
678
692
676
680
651
685
685
681
667
684
670
672
672
665
678
648
690
687
679
705
707
696
717
705
726
711
707
711
702
713
702
698
685
714
697
709
716
697
734
703
722
692
687
695
686
712
686
680
674
682
699
697
721
684
730
700
729
708
749
729
748
752
696
745
737
726
716
705
735
686
708
697
694
672
715
700
694
674
705
686
702
679
686
704
703
692
693
706
711
688
708
689
713
720
699
702
685
688
679
672
689
676
698
693
722
707
753
736
765
741
774
751
750
718
721
715
696
669
686
688
696
695
731
705
740
