878
830
852
817
743
745
736
705
724
729
700
707
726
745
757
749
744
769
799
814
803
788
810
835
870
872
877
885
907
899
881
887
912
920
900
909
939
948
928
944
966
972
954
950
987
977
948
928
940
962
918
919
950
924
893
913
917
878
857
876
903
896
873
908
919
897
900
919
912
878
886
903
872
857
878
895
883
871
898
880
865
894
902
893
906
876
894
911
895
872
893
907
886
898
921
937
938
931
906
921
920
880
902
914
903
905
872
854
866
863
846
858
887
875
874
895
906
903
891
839
852
837
843
866
857
831
845
853
860
851
854
829
830
845
843
819
849
863
888
897
900
870
884
898
906
895
878
882
872
881
895
887
875
896
897
917
899
902
915
904
899
906
919
910
908
896
868
832
842
863
878
855
846
861
887
877
897
915
920
907
903
889
864
872
867
869
825
830
831
848
851
853
833
852
851
813
803
821
848
859
847
877
878
889
877
845
853
853
866
864
864
845
841
853
856
875
871
881
886
882
879
875
877
873
851
844
849
798
795
802
839
841
846
830
805
813
823
823
834
839
848
842
826
813
818
817
819
806
788
804
811
816
822
822
841
826
849
849
844
840
835
825
810
793
767
767
794
799
809
817
813
818
815
798
791
775
752
776
788
795
802
820
838
826
820
831
806
816
830
827
823
798
774
750
743
795
844
865
886
909
922
916
913
903
864
847
859
847
851
863
857
817
832
794
797
796
806
794
785
802
805
837
849
853
813
836
839
840
814
822
825
805
818
821
823
767
746
756
772
802
820
835
839
810
818
834
852
868
846
834
850
859
871
872
891
910
909
904
909
895
828
781
795
818
848
870
858
853
869
891
894
894
892
860
880
901
912
905
886
867
885
894
904
922
911
875
882
903
852
846
645
1070
846
854
854
862
849
853
825
842
860
863
870
877
861
851
801
793
807
840
867
866
868
873
853
850
826
837
821
792
795
817
804
825
855
881
859
851
853
858
848
818
823
832
811
800
796
822
865
860
858
870
893
923
922
931
902
901
864
858
809
823
840
795
783
783
774
778
768
753
740
761
761
729
737
758
729
711
715
707
699
683
691
675
668
664
665
683
656
653
654
663
653
646
645
649
659
659
648
641
650
646
644
633
635
641
640
641
630
629
627
621
616
618
616
626
618
623
615
611
609
607
608
605
610
605
605
608
601
599
595
602
605
607
607
605
595
595
602
602
601
599
598
594
595
585
588
587
582
583
579
580
582
582
578
587
574
571
585
577
587
581
582
574
586
614
616
613
602
602
589
591
578
579
583
575
570
570
570
577
570
568
575
578
584
563
551
552
554
543
543
540
547
549
551
539
546
543
548
542
537
535
535
541
531
534
529
395
675
538
528
534
532
536
537
537
530
532
540
536
534
528
525
524
527
533
530
522
523
522
529
531
523
523
525
523
526
522
521
521
521
528
528
524
518
517
520
523
521
512
515
515
523
518
512
512
512
511
516
509
509
510
515
510
518
516
517
513
522
514
523
512
512
511
523
518
516
514
514
512
520
514
513
515
518
521
521
518
525
537
534
533
521
524
532
520
526
521
520
521
531
544
538
536
537
544
535
540
547
555
550
552
555
575
574
582
584
582
570
602
602
606
622
604
404
839
604
615
611
619
609
611
601
705
677
667
654
639
652
643
643
661
661
660
652
660
681
692
684
685
692
718
729
715
703
438
1017
739
749
765
754
751
771
787
796
781
791
801
819
799
784
789
798
763
738
746
753
747
732
736
760
775
762
763
754
752
720
715
730
717
744
746
746
772
749
747
759
748
752
776
778
770
761
800
816
848
833
814
843
857
859
850
863
877
899
875
859
880
870
876
856
856
872
880
862
857
861
872
849
852
873
892
879
874
893
905
884
863
890
709
1098
891
863
889
901
903
873
883
835
816
774
781
733
708
688
691
784
802
765
770
789
794
821
844
863
908
926
942
899
903
426
962
888
862
831
826
856
878
852
875
892
870
844
869
882
856
838
860
879
860
862
879
855
847
878
896
903
898
893
910
916
904
893
919
916
909
908
931
933
905
925
937
918
903
887
878
857
870
880
877
851
851
855
844
829
824
854
865
857
879
907
909
917
903
909
912
905
891
908
902
890
880
868
884
887
866
851
875
898
886
879
893
904
904
891
891
896
908
896
878
862
862
842
816
785
757
780
813
825
830
868
895
901
894
900
922
921
906
888
907
905
912
898
911
934
963
953
956
966
950
926
948
957
953
937
941
945
954
937
949
963
949
938
951
956
945
909
892
909
924
912
907
920
907
877
850
825
825
812
791
801
812
817
808
783
794
822
821
815
831
850
849
838
853
874
895
883
882
901
909
879
905
923
918
883
892
893
896
873
867
876
881
887
899
888
861
874
868
868
866
864
875
889
879
894
897
892
888
886
891
889
837
804
791
800
806
839
845
846
833
825
854
850
827
784
783
810
