1205
1201
1189
1198
1216
1207
1229
1199
1206
1199
1192
1154
1149
1158
1168
1146
1151
1161
1167
1149
1155
1161
1168
1159
1148
1156
1142
1148
1158
1155
1156
1172
1173
1164
1143
1148
1176
1193
1194
1163
1167
1188
1188
1173
1177
1200
1200
1194
1205
1200
1194
1180
1174
1201
1203
1200
1170
1172
1179
1176
1170
1146
1146
1155
1164
1150
1143
1117
1125
1133
1150
1170
1169
1171
1159
1167
1191
1194
1193
1169
1169
1176
1183
1173
1168
1150
1163
1176
1179
1168
1160
1151
1144
1147
1167
1179
1188
1183
1174
1192
1194
1189
1184
1190
1193
1177
1167
1166
1153
1136
1135
1143
1150
1170
1169
1153
1162
1174
1176
1172
1160
1142
1151
1151
1153
1149
1133
1140
1147
1160
1161
1156
1148
1152
1165
1154
1144
1143
1145
1158
1151
1139
1133
1131
1138
1148
1149
1144
1146
1143
1144
1135
1117
1099
1093
1095
1102
1109
1115
1111
1106
1101
1100
1111
1123
1134
1135
1130
1127
1121
1120
1126
1136
1142
1128
1127
1134
1149
1149
1148
1139
1116
1115
1125
1126
1122
1117
1105
1105
1116
1123
1125
1120
1111
1117
1127
1132
1126
1121
1104
1107
1108
1117
1128
1126
1112
1115
1121
1130
1130
1121
1111
1116
1121
1134
1131
1124
1110
1109
1100
1102
1102
1109
1103
1089
1094
1093
1096
1104
1113
1104
1111
1113
1134
1134
1137
1137
1123
1118
1113
1119
1119
1122
1122
1113
1122
1125
1132
1134
1123
1114
1099
1101
1103
1106
1114
1114
1109
1096
1104
1104
1118
1129
1123
1119
1104
1088
1084
1073
1071
1074
1072
1071
1068
1080
1094
1119
1116
1119
1102
1116
1126
1146
1148
1136
1126
1125
1125
1105
1100
1094
1090
1109
1116
1107
1092
1092
1096
1086
1090
1085
1035
1056
1063
1073
1092
1109
1117
1104
1106
1100
1100
1086
1071
1065
1059
1061
1061
1055
1054
1047
1051
1061
1078
1083
1088
1074
1089
1103
1104
1094
1104
1105
1080
1043
1035
1035
1027
1022
1022
1021
1011
991
998
1001
1001
981
978
981
970
972
979
975
975
979
940
918
905
900
931
917
941
934
933
890
882
868
861
861
861
866
846
843
834
832
820
829
822
821
814
795
792
790
789
785
789
790
790
790
790
796
809
805
801
799
774
771
761
756
758
757
745
743
738
738
723
729
727
725
713
718
714
714
698
695
693
694
695
687
690
683
680
685
675
671
671
675
670
682
668
673
664
667
689
666
663
652
652
663
659
672
646
652
650
649
651
652
661
643
640
650
663
646
647
643
643
639
650
655
661
640
639
640
636
637
640
634
636
627
636
628
625
631
625
1256
619
622
626
619
624
617
619
628
614
614
633
616
622
629
628
629
623
620
630
636
624
626
633
641
621
626
630
637
614
623
621
625
627
635
671
651
653
701
693
655
644
645
646
637
645
648
644
643
646
641
643
641
653
644
1323
642
626
632
637
627
620
613
622
617
499
796
646
634
646
646
627
629
650
641
630
671
699
692
691
698
723
749
751
748
749
767
769
760
761
757
775
787
775
775
789
808
812
807
794
802
815
824
819
823
844
856
844
836
848
863
863
865
869
884
883
874
865
880
892
888
881
883
896
901
895
908
934
939
938
955
974
956
950
968
987
967
961
973
961
958
966
963
956
978
989
982
991
1011
1002
1029
1057
1035
1041
1040
998
1006
1029
1016
1037
1042
1022
1032
1041
1012
1009
1026
1020
1024
1044
1036
1041
1057
1047
1051
1065
1043
1046
1055
1051
1077
1073
1070
1070
1059
1060
1060
1095
1122
1082
1074
1067
1045
1068
1077
1057
1057
1056
1039
1050
1068
1082
1063
1063
1072
1074
1063
1076
1083
1089
1085
1099
1104
1087
1071
1086
1091
1078
1088
1098
1089
1090
1088
1079
1062
1068
1087
1077
1076
1081
1093
1085
1093
1111
1112
1099
1087
1090
1089
1063
1061
1069
1058
1051
1043
1050
1055
1043
1063
1080
1072
1071
1079
1084
1070
735
1231
1100
1080
1078
1077
1086
1084
1076
1070
1081
1069
1054
1057
1066
1066
1062
1056
1062
1064
1063
1051
1052
1060
1059
1055
1052
1058
1062
1059
1056
1067
1072
1069
1059
1063
1063
1066
1063
1055
1052
1057
1056
1051
1045
1045
1054
1047
995
985
1009
1040
1058
1060
1062
1061
1067
1065
1063
1061
1074
1081
1062
1059
1057
1060
1053
1053
1049
1060
1058
1054
1059
1064
1071
1073
1057
1056
1048
1045
1042
1037
1036
1041
1045
1035
1044
1054
1047
1053
1063
1056
1044
1035
1036
1033
1027
1037
1050
1049
1042
1032
1028
1032
1030
1036
1035
1045
1054
1045
1040
1033
1035
1029
1022
1018
1021
1026
1031
1031
1023
1022
1029
1036
1035
1028
1030
