799
796
792
806
821
817
823
833
824
825
836
825
824
834
824
821
831
831
827
841
839
837
847
842
836
810
800
804
814
826
838
851
843
839
845
835
832
841
847
853
862
868
862
862
873
869
854
854
856
850
849
856
851
848
852
846
842
846
853
837
823
818
823
835
827
822
830
839
833
835
832
820
814
819
817
816
819
814
813
816
808
808
817
815
810
815
813
810
812
816
813
815
811
804
808
807
802
804
798
789
787
778
763
755
761
769
1534
775
775
784
788
788
778
801
849
337
1169
682
880
1563
779
1393
378
379
987
787
794
806
802
803
810
803
804
814
808
806
812
808
806
814
813
580
1054
827
827
837
832
829
838
841
830
831
840
833
833
843
839
834
838
831
828
833
832
825
834
830
824
830
827
824
825
822
813
815
812
808
806
802
798
798
800
797
801
801
797
791
792
787
785
788
787
788
792
789
790
799
794
792
796
795
795
799
797
798
803
802
800
806
808
803
802
794
786
786
781
779
778
778
781
789
790
790
801
810
813
816
822
813
803
798
785
784
779
775
774
778
778
781
789
790
789
798
802
801
806
811
806
805
813
809
810
816
813
817
821
813
813
817
817
823
825
824
824
825
820
818
813
809
811
810
811
815
815
813
820
819
820
829
829
831
837
836
837
843
837
836
847
847
844
844
841
842
846
840
842
849
843
838
836
829
831
829
825
821
826
819
817
822
822
815
818
819
813
814
817
813
811
810
811
815
828
829
830
839
836
830
827
820
817
811
809
805
802
803
806
813
815
811
811
810
804
805
804
802
803
807
809
814
825
831
837
841
839
836
832
823
819
814
809
808
806
802
801
800
794
789
791
790
782
781
783
776
775
779
775
777
785
796
802
804
814
820
820
825
834
832
830
834
832
824
824
823
819
817
815
816
816
820
819
822
820
817
815
815
817
815
815
810
804
801
797
797
797
798
799
798
799
801
806
798
796
792
790
787
786
771
773
781
792
794
797
798
796
796
799
800
794
791
790
789
783
776
773
772
771
774
781
786
794
799
801
804
814
824
828
834
839
840
826
819
813
818
822
821
821
823
821
815
813
810
803
797
795
787
786
785
783
786
786
785
789
793
796
805
807
808
811
807
807
807
802
798
797
797
796
799
795
795
796
796
798
801
800
801
798
767
757
760
753
753
752
757
751
746
742
734
730
723
716
709
701
695
690
686
682
679
676
675
674
671
671
672
674
675
674
677
685
694
699
699
700
698
694
693
689
676
662
662
657
650
648
651
652
655
651
652
654
652
651
648
647
649
645
643
639
637
639
634
630
625
634
625
619
623
616
619
612
608
608
604
607
602
603
595
594
590
589
589
585
580
577
577
572
569
563
567
563
555
556
559
553
549
550
547
543
542
545
536
539
535
535
535
530
532
531
523
531
521
523
530
519
520
521
524
516
516
521
512
516
515
507
518
508
505
513
505
502
511
501
500
503
502
503
501
497
501
498
492
505
493
499
496
493
495
492
493
492
492
494
490
488
493
491
488
490
488
487
488
482
491
486
484
488
483
479
485
482
482
485
479
485
478
488
480
479
482
481
480
479
482
482
474
487
477
482
482
480
477
482
478
481
482
478
481
477
479
479
480
477
481
478
482
478
480
481
479
479
486
476
483
476
480
479
479
479
480
479
481
479
474
481
474
479
478
477
479
473
479
475
479
471
479
475
476
477
472
477
472
476
468
474
473
467
472
427
517
468
469
468
469
468
473
463
470
468
465
471
461
473
468
459
465
464
466
464
458
465
462
461
463
455
465
454
464
456
463
458
462
463
459
465
461
463
458
461
460
459
456
460
462
464
463
472
470
472
475
472
479
480
482
481
483
486
489
490
489
490
490
496
497
495
497
497
503
502
504
503
504
506
510
509
508
510
510
517
521
521
521
523
526
537
534
534
536
540
547
552
549
550
554
562
561
563
561
566
560
532
586
534
586
521
590
511
603
508
602
552
568
563
554
545
547
556
560
559
556
559
561
564
563
564
562
567
572
571
568
572
577
579
576
575
579
581
571
572
571
570
566
572
575
576
578
575
579
576
579
575
575
574
574
576
572
575
573
572
575
570
573
573
572
573
570
573
569
563
557
559
567
568
583
597
604
593
624
545
661
548
680
541
717
524
726
525
699
540
688
543
668
560
674
554
677
563
684
556
669
577
631
603
601
601
601
606
611
607
608
611
617
589
651
563
673
574
669
562
674
567
668
585
663
574
682
564
711
559
713
557
712
565
698
583
691
1265
627
625
596
661
620
625
585
650
620
625
623
649
631
639
598
680
590
716
563
726
648
649
581
708
600
671
642
645
578
703
577
705
646
643
583
709
574
707
570
683
632
621
602
659
632
637
578
674
571
685
631
631
631
635
621
631
634
618
629
633
623
643
576
688
552
716
558
694
554
703
630
627
619
613
602
609
616
620
626
619
625
633
615
616
624
628
634
632
619
627
629
640
540
771
534
788
529
794
521
781
530
762
538
712
566
697
635
635
573
703
587
691
581
694
651
649
586
753
581
773
553
792
674
657
646
658
654
652
661
585
762
572
748
644
642
611
698
661
673
574
752
647
660
590
729
649
644
586
672
640
638
616
660
646
638
651
654
663
597
714
657
661
595
719
671
661
589
752
685
672
681
695
685
691
688
690
712
720
721
725
716
704
706
667
686
680
678
662
646
656
665
664
675
687
698
704
688
704
695
694
703
704
712
701
702
708
718
696
706
716
689
718
703
681
695
685
706
709
704
706
713
677
690
690
692
691
679
660
685
687
684
675
675
660
665
684
677
675
678
674
673
662
646
659
643
666
642
669
665
655
654
669
656
668
668
674
660
665
663
666
673
663
674
689
666
676
688
670
671
670
681
663
669
683
662
671
667
694
676
674
659
691
673
689
714
717
708
724
719
718
723
701
719
715
717
710
690
679
667
671
671
694
687
692
711
720
699
710
709
707
711
687
699
709
692
701
675
699
680
694
680
702
701
697
700
693
690
663
677
670
695
674
697
677
683
694
694
677
701
694
694
699
681
689
693
671
680
686
655
686
683
679
667
676
699
699
686
692
708
706
678
712
690
707
697
682
700
688
685
680
668
653
656
660
651
661
652
651
649
665
669
674
669
663
660
688
660
696
680
662
692
687
690
697
691
698
693
693
678
675
686
687
665
685
670
652
687
678
668
661
667
672
661
684
687
688
689
696
676
691
688
667
675
671
653
655
662
655
652
627
665
