788
779
775
764
754
758
762
763
753
760
764
765
753
768
773
771
757
761
760
747
757
769
767
768
785
798
794
803
822
824
810
818
818
828
819
831
841
841
834
836
837
835
815
815
829
826
816
798
807
802
800
789
781
786
784
759
742
738
733
744
760
777
785
785
806
813
818
826
813
816
817
821
810
814
828
843
851
842
843
843
836
824
813
812
818
809
799
804
805
807
799
793
803
804
806
803
802
808
808
794
790
798
793
781
784
792
799
811
787
799
806
804
790
790
788
786
779
773
776
776
783
769
772
777
775
773
767
774
779
779
771
772
776
779
779
771
768
771
771
764
771
775
778
782
770
762
768
770
772
770
772
781
785
790
783
782
785
788
788
773
778
778
776
783
772
772
776
772
767
772
779
791
804
786
797
806
815
811
800
805
807
807
802
792
795
791
788
781
771
775
779
789
780
780
795
801
805
798
790
794
789
788
771
757
739
731
727
738
748
754
749
752
762
769
774
772
779
787
793
799
792
785
793
798
802
799
804
815
823
821
806
802
798
796
781
786
791
797
804
801
799
802
804
809
798
789
800
796
794
789
804
813
814
814
805
807
802
800
792
782
797
799
804
796
806
809
810
818
800
809
806
804
794
791
801
805
813
805
798
810
809
813
823
823
801
786
793
792
797
788
774
778
770
749
739
733
732
744
753
754
747
760
764
767
759
761
774
779
773
776
785
787
793
780
780
783
784
784
772
783
787
792
784
783
791
793
797
785
793
798
806
801
795
807
807
814
810
795
807
807
811
806
791
786
793
795
797
792
789
802
810
811
800
793
800
802
795
788
805
806
809
802
796
808
806
809
799
801
810
813
812
796
799
802
807
808
792
799
802
811
812
804
811
819
816
814
802
818
819
817
799
810
807
810
804
801
807
809
798
791
798
801
805
790
786
798
793
797
792
788
797
799
798
788
787
791
791
792
776
785
794
792
786
782
791
795
798
793
801
803
810
813
798
802
806
803
793
800
796
792
768
770
766
757
753
748
764
778
781
778
773
783
783
751
548
832
704
687
675
672
667
665
656
667
674
681
678
673
670
663
668
665
645
641
648
641
625
623
631
627
608
612
626
613
605
610
612
614
611
610
610
606
609
615
603
608
611
608
607
604
607
617
607
612
614
612
610
609
613
617
609
608
610
608
604
603
605
607
601
600
604
600
596
601
599
599
597
597
596
590
584
589
587
589
582
582
586
581
576
582
582
582
573
577
583
579
572
576
581
580
572
574
585
585
582
580
582
585
581
577
581
579
579
572
572
573
570
564
569
568
569
563
564
568
563
562
566
564
565
567
570
573
573
575
568
564
568
568
564
560
564
567
557
555
560
558
552
553
557
558
549
542
549
550
548
538
543
549
536
536
538
539
535
529
531
539
532
530
534
534
535
530
528
533
531
526
527
528
529
530
521
522
528
524
520
524
525
529
520
521
527
522
522
519
521
523
524
518
521
523
524
520
520
523
524
517
520
524
521
518
519
521
521
515
514
522
513
511
511
515
515
516
510
515
515
514
510
513
514
518
511
512
516
517
523
519
523
524
430
624
547
564
589
579
583
596
601
602
597
588
588
589
575
569
571
576
573
573
578
587
592
595
597
599
603
603
598
598
602
605
604
605
606
611
605
597
606
612
620
619
636
644
646
638
620
617
615
609
616
626
628
626
642
648
635
627
656
662
661
654
642
631
635
635
630
623
632
644
654
654
658
672
671
653
653
656
647
639
643
647
638
636
645
648
646
654
666
671
663
672
675
671
674
680
680
676
683
687
684
682
689
694
692
688
691
691
685
688
692
688
694
699
691
682
687
689
687
687
694
690
688
695
695
692
696
697
696
688
689
689
681
677
685
687
686
677
671
665
658
647
642
647
652
648
622
654
658
648
651
636
675
663
662
658
665
675
669
660
667
659
660
650
673
670
677
670
679
683
683
674
678
688
682
685
669
674
680
669
681
688
688
687
695
705
703
701
687
691
692
692
693
681
682
692
688
684
684
694
696
696
683
694
701
701
700
684
699
695
682
694
686
695
709
715
716
709
720
720
726
714
717
719
714
713
703
719
714
715
724
720
704
707
710
717
713
714
732
733
745
733
736
743
745
737
732
745
744
732
723
743
742
724
696
713
729
723
733
739
744
747
740
741
737
728
730
729
731
733
730
731
738
736
731
723
719
709
699
683
690
693
702
701
708
711
713
704
710
711
708
707
715
720
721
715
722
724
729
725
717
727
729
733
732
733
744
731
714
722
722
723
720
729
736
743
748
743
749
756
753
745
751
749
760
757
758
767
771
766
760
768
771
771
753
748
737
733
725
711
714
721
728
727
728
738
743
745
735
730
734
734
727
727
732
733
741
732
732
737
743
739
734
739
741
745
735
735
738
723
711
717
717
713
717
721
715
709
695
691
687
690
695
706
716
714
725
730
736
734
728
732
732
732
727
731
736
747
751
744
751
752
753
753
747
748
755
758
747
749
750
755
769
759
751
750
750
743
736
742
743
735
735
733
742
736
734
738
741
737
724
712
701
691
692
696
700
708
710
714
723
729
737
734
729
729
725
726
720
731
742
758
768
765
765
767
770
775
763
758
766
764
764
757
761
767
767
757
765
768
768
759
759
766
771
769
759
765
766
765
759
753
760
766
766
767
762
765
767
767
761
755
765
766
772
763
764
767
762
744
742
