748
761
759
727
738
759
632
663
694
714
680
688
704
716
724
739
722
681
649
777
744
716
707
719
726
733
740
709
698
697
688
674
693
703
716
712
681
682
686
682
680
666
669
668
677
650
655
667
662
675
653
649
639
656
662
675
704
720
725
742
760
1544
756
736
720
726
730
729
739
747
717
751
783
755
743
773
781
743
755
751
730
706
699
721
756
735
740
780
760
767
771
744
765
766
725
727
751
764
759
754
741
724
719
707
687
688
721
747
745
762
772
780
779
767
745
713
714
739
732
728
780
818
828
832
795
753
768
810
780
761
784
815
806
806
765
775
807
797
771
784
798
796
758
770
798
761
768
788
762
795
797
785
730
703
706
691
711
700
734
754
792
786
781
731
721
735
743
732
724
737
755
755
741
760
785
788
741
760
783
771
774
763
730
727
756
810
813
779
786
747
742
731
753
737
703
681
674
665
663
642
631
617
611
596
592
579
580
596
618
639
657
692
753
769
771
753
719
699
672
649
676
709
723
735
710
702
705
726
759
772
764
779
798
803
749
771
785
797
776
773
794
791
745
759
755
756
734
740
780
795
827
789
778
790
775
754
755
768
780
774
751
779
800
827
817
757
744
730
745
737
745
736
733
722
691
668
646
633
619
609
610
609
607
614
621
621
609
620
615
609
621
622
633
657
701
735
775
791
799
779
761
756
726
697
689
693
712
742
729
736
716
714
700
706
694
724
738
720
695
705
707
709
697
708
740
746
723
734
722
693
674
690
716
699
714
702
696
715
712
694
688
694
708
733
754
745
752
735
740
770
776
748
742
762
780
792
768
767
792
795
758
726
727
739
748
716
702
717
729
733
740
715
708
711
705
689
671
675
680
697
688
664
660
678
713
736
744
725
683
683
697
713
710
718
704
679
662
630
616
617
640
656
678
701
704
700
679
654
650
653
665
671
666
666
639
628
609
603
606
607
620
626
621
621
620
624
635
653
664
659
645
638
633
639
644
647
647
646
643
635
634
615
600
598
614
617
622
617
610
604
615
616
624
614
611
613
625
627
629
647
666
681
678
667
646
638
631
635
650
663
686
699
706
711
686
686
666
665
662
665
671
637
645
666
701
712
723
710
711
690
659
646
642
630
628
651
663
674
654
635
639
649
640
629
626
628
621
608
602
602
619
647
663
672
665
678
691
689
683
650
628
607
592
579
582
599
618
631
653
671
671
680
681
675
680
669
662
653
647
636
624
611
610
615
623
632
625
605
618
632
661
695
707
733
750
749
731
720
703
664
651
660
677
691
708
729
729
719
713
693
690
686
696
683
701
710
710
717
705
693
677
675
650
643
663
665
681
702
706
720
676
693
663
660
661
657
664
672
667
667
660
635
638
637
640
653
678
689
693
681
675
687
708
693
674
680
676
684
678
673
662
646
620
617
624
602
592
591
618
646
689
732
778
832
816
815
791
781
750
726
707
691
666
644
630
624
627
625
620
629
636
638
645
648
657
658
656
642
626
621
624
631
638
634
640
652
660
657
624
609
609
592
587
583
588
587
578
587
588
582
586
582
578
583
575
569
568
565
555
556
558
556
555
565
563
570
570
569
569
583
569
571
566
566
564
563
563
562
564
563
561
565
564
560
567
565
562
564
557
558
558
552
549
548
542
550
546
545
544
546
542
548
543
545
544
551
544
544
548
547
551
551
551
550
550
548
543
540
544
544
540
538
536
532
535
530
530
533
528
534
532
529
531
531
530
532
529
529
527
522
532
529
532
531
530
530
525
526
524
521
524
522
522
520
517
517
517
519
522
514
521
513
519
515
510
520
519
519
521
521
526
523
522
522
520
522
519
521
521
520
527
525
524
523
521
521
517
521
521
521
522
521
524
528
526
524
522
522
522
521
527
522
523
519
518
513
509
509
508
507
505
505
509
511
509
507
507
509
508
510
508
505
510
511
511
509
507
507
504
510
515
519
514
514
507
507
504
501
506
499
499
499
499
504
508
510
503
502
504
503
506
505
505
503
501
500
498
502
508
508
507
503
502
498
499
500
495
494
503
501
508
516
518
514
509
518
518
515
514
510
510
507
514
519
522
521
520
517
518
520
518
516
516
521
528
542
545
538
539
555
572
577
579
564
558
569
581
603
612
615
610
597
602
625
614
629
618
612
599
619
632
613
615
617
606
595
596
596
591
612
640
633
643
642
654
672
645
645
629
606
604
594
621
664
684
673
644
661
676
682
672
664
646
629
611
604
592
608
696
704
682
668
708
729
710
685
657
640
620
641
658
690
726
738
740
706
672
661
647
637
658
704
705
677
683
688
667
637
633
655
632
624
627
675
690
695
667
652
682
710
702
717
694
679
694
701
686
688
698
694
689
714
742
754
751
718
690
707
701
712
743
735
704
697
728
735
763
763
782
740
705
689
661
636
651
710
743
715
701
747
778
815
784
798
751
731
755
804
792
739
751
771
750
754
785
805
804
751
709
703
721
707
733
779
807
765
732
754
783
764
729
765
807
799
766
761
756
746
722
700
709
711
714
704
672
678
706
701
722
754
758
716
694
697
684
669
662
686
697
663
643
640
635
639
644
668
688
703
711
692
668
641
633
631
632
649
688
714
730
721
712
726
733
737
706
678
670
641
637
662
682
674
639
619
604
598
593
586
603
630
658
676
668
668
690
722
737
725
698
661
655
680
669
643
645
659
654
642
628
639
661
681
697
698
688
712
707
690
701
720
699
670
681
704
719
719
688
663
655
677
696
697
687
692
698
677
653
629
625
642
667
651
628
634
643
640
629
617
716
733
730
702
693
696
680
654
631
627
646
671
681
707
720
728
740
735
715
702
722
731
730
727
684
674
673
688
703
710
693
685
662
662
668
671
665
637
637
655
669
689
700
697
680
674
653
649
644
642
634
621
616
616
607
607
638
674
672
657
676
699
725
731
729
694
683
678
688
705
737
754
772
765
723
712
682
646
628
635
637
638
626
626
