1051
1022
1011
997
1005
1015
1030
1041
1001
1037
993
1008
1001
964
1001
1021
995
1026
1040
1007
1042
1046
1027
1068
1050
1059
1075
1028
1057
1066
1033
1061
1060
1025
1058
1046
1040
1070
1034
1022
1058
1032
1026
1049
1033
1046
1044
1016
1046
1041
1031
1057
1049
1039
1055
1047
1035
1059
1056
1034
1071
1066
1043
1065
1063
1023
1056
1076
1036
1054
1063
1023
1047
1040
1030
1059
1043
1038
1058
1072
1042
1066
1053
1033
1060
1063
1036
1064
1075
1027
1052
1053
1020
1051
1046
1009
1035
1055
1029
1035
1048
1019
1044
1063
1024
1051
1042
1001
1022
1030
990
1001
1008
993
1024
1033
1011
1045
1054
1022
1032
1049
1034
1034
1048
1023
1021
1047
1041
1017
1048
1040
1021
1042
1059
1017
1037
1051
1018
1040
1059
1023
1042
1030
1012
1047
1052
1032
1045
1034
1037
1060
1040
1038
1071
1047
1029
1046
1040
1024
1045
1043
1043
1060
1042
1054
1058
1040
1056
1046
1014
1030
1035
1013
1034
1040
1004
1033
1044
1025
1043
1053
1026
1042
1047
1011
1032
1040
1021
1012
1028
1026
1007
1028
1030
996
1031
1044
1023
1049
1052
1022
1045
1045
1021
1052
1063
1045
1056
1055
1039
1063
1052
1025
1027
1029
1004
1036
1037
989
1020
1038
1014
1053
1050
1026
1057
1056
1034
1067
1085
1070
1094
1072
1058
1084
1063
1073
1076
1032
1060
1069
1026
1039
1020
982
1002
1005
981
1009
1020
990
1000
1002
981
1008
1016
998
1028
1035
1010
1032
1039
1006
1029
1029
1010
1025
1028
992
1021
1025
994
1011
1029
1022
1041
1028
1015
1024
1016
1019
1036
1026
1018
1034
1014
1006
1022
1017
992
1014
1010
986
1009
1021
997
1022
1030
1008
1018
1039
1024
998
1013
1023
1019
1031
1043
1012
1036
1030
1020
1042
1036
1027
1039
1022
1012
1017
1003
1021
1023
1015
1035
1033
1005
1021
1021
1000
1013
1004
978
1007
1013
998
1017
1027
1006
1021
1035
1022
1039
1041
1018
1036
1034
1012
1043
1034
1031
1039
1016
994
1024
1015
987
913
878
902
879
886
909
902
871
901
914
923
944
933
934
932
939
932
941
947
937
905
882
892
881
851
870
838
840
829
815
816
805
811
804
816
817
807
813
1607
796
794
794
782
778
776
771
771
770
773
775
767
766
764
764
764
759
761
764
755
761
754
750
750
743
747
747
740
740
734
731
735
732
732
728
733
728
717
1426
699
711
702
697
700
689
690
684
687
689
673
678
677
680
676
684
680
678
681
679
681
685
680
681
682
677
693
683
688
686
684
680
673
668
665
660
664
661
659
655
655
653
647
650
649
644
648
641
643
640
642
639
638
633
637
632
637
632
633
637
630
628
625
623
623
620
623
623
615
615
622
610
614
615
607
608
611
606
612
607
609
613
605
608
606
605
601
601
598
615
593
593
589
585
582
585
587
581
591
586
590
587
595
589
586
590
587
583
588
589
586
582
584
586
584
586
585
590
585
593
594
591
587
586
586
583
592
579
586
603
612
608
605
601
605
605
604
604
604
604
619
602
604
610
613
604
615
606
611
613
627
632
623
629
631
632
644
651
651
646
674
671
651
672
680
685
680
695
707
712
700
711
727
718
726
736
726
712
719
727
704
714
725
725
710
733
738
729
740
768
802
782
771
796
812
758
769
787
756
765
786
805
771
779
789
800
757
779
789
755
786
788
832
827
825
851
878
828
818
840
887
870
861
910
943
897
917
951
938
959
989
945
968
941
935
894
900
951
902
902
918
881
900
886
876
898
877
911
912
889
929
921
910
939
961
952
949
934
958
930
918
845
872
867
843
846
785
873
889
896
916
987
1004
1002
1023
977
989
938
854
906
939
1117
1199
1141
1106
1076
1098
1072
1023
1038
1033
1022
1036
1021
998
1017
1025
988
1007
997
970
996
1010
955
974
972
930
958
969
914
943
968
937
954
976
931
960
991
950
960
973
925
951
970
921
942
948
895
939
953
917
935
970
936
938
958
913
945
976
934
944
971
934
945
971
931
930
949
914
923
943
908
928
955
935
955
977
929
964
993
948
959
978
937
951
976
933
957
980
944
949
963
942
958
976
951
970
967
947
957
937
957
984
948
883
899
930
974
989
998
1020
977
994
1019
1018
1029
1030
1020
1037
1009
1011
1014
988
974
997
991
968
981
997
959
970
987
946
965
986
951
961
979
941
964
969
950
964
965
978
1008
976
981
990
967
972
971
984
971
961
965
893
911
923
888
903
907
912
859
876
898
918
950
950
980
1000
972
990
975
978
972
941
961
970
915
941
967
974
966
980
962
925
928
933
940
916
941
949
971
974
1000
1013
1020
1031
1023
1029
984
994
989
981
990
988
974
975
959
959
965
932
938
949
938
947
964
953
965
971
956
975
987
976
989
1000
969
977
989
957
974
975
913
875
898
931
969
1002
1030
998
1017
1021
1016
1025
1014
1016
1003
1013
1022
1014
1020
997
990
988
941
961
963
928
947
919
931
938
929
942
946
947
