731
795
833
801
803
846
848
813
858
853
787
780
800
820
735
801
814
790
779
822
787
786
831
848
799
848
870
838
836
883
870
853
914
913
864
907
816
1002
908
930
883
873
843
847
854
889
895
855
931
947
898
953
963
913
948
970
921
924
951
926
898
950
963
932
979
979
919
979
971
903
957
948
891
954
935
886
942
929
892
945
950
910
952
952
900
950
947
889
925
893
863
906
822
868
898
897
861
920
929
884
943
944
932
982
972
938
989
976
937
983
979
934
953
963
957
905
956
955
912
940
943
882
892
927
903
855
918
909
860
902
941
914
928
948
892
934
938
894
942
908
921
947
907
952
915
940
940
932
968
964
916
976
962
919
974
962
969
944
967
959
983
944
972
905
966
928
946
963
893
961
959
916
967
936
948
973
943
977
992
966
984
998
938
990
981
929
986
953
926
947
942
933
960
953
938
972
965
933
952
953
932
953
964
935
958
961
957
921
949
964
958
933
960
962
938
940
961
947
933
951
954
926
577
1223
946
896
939
946
912
949
961
883
915
929
881
915
939
896
872
925
928
944
944
906
854
870
883
860
827
811
825
849
843
842
835
860
875
868
831
876
893
896
861
838
893
905
874
849
868
897
918
901
892
863
893
901
848
873
893
904
866
868
890
901
874
891
892
854
884
857
869
909
915
895
941
952
901
957
930
964
945
937
964
958
891
936
949
908
961
940
917
969
965
907
956
956
925
926
964
953
896
932
856
885
898
901
894
904
923
916
919
954
931
845
826
850
883
919
945
938
899
843
848
866
891
895
885
829
873
861
826
867
878
869
833
881
884
879
831
866
873
885
901
900
890
926
947
925
884
915
912
914
858
852
843
823
820
817
860
857
871
902
923
919
880
842
879
856
876
865
836
861
828
850
886
843
889
900
877
841
876
817
799
805
805
815
817
802
812
833
832
811
780
803
787
783
803
797
821
813
800
789
771
784
766
767
779
777
779
758
781
796
805
748
742
716
700
688
660
668
655
635
639
616
600
608
596
585
588
577
565
574
572
569
573
569
564
572
568
567
573
568
563
569
561
558
553
557
552
556
551
545
539
546
541
541
538
535
534
536
536
530
532
526
521
530
527
521
521
520
521
518
517
516
515
515
517
513
513
511
513
507
508
511
505
506
506
508
504
506
506
500
503
506
503
499
502
506
501
503
504
501
500
500
505
499
502
502
501
500
499
504
499
500
502
499
498
497
495
500
496
495
494
497
493
491
493
494
490
492
486
492
487
484
488
491
482
483
487
482
479
484
485
479
476
488
479
475
485
481
474
480
478
471
480
479
471
473
479
473
472
479
472
469
475
470
472
473
469
469
468
473
466
465
472
467
463
467
465
463
466
459
466
466
459
460
465
460
458
461
458
461
455
456
462
455
456
455
452
458
455
451
456
454
451
451
451
451
454
449
449
454
449
453
446
452
454
448
447
453
447
449
445
447
448
449
444
451
448
446
449
448
449
452
447
450
454
448
449
453
450
454
447
453
452
448
454
453
449
450
458
452
452
453
453
454
454
458
459
460
460
467
472
471
475
481
480
479
486
486
482
493
495
491
504
507
507
504
518
521
518
527
532
522
532
531
530
533
538
524
519
520
531
540
547
547
557
535
605
572
519
546
604
567
520
543
606
535
549
562
570
543
563
626
603
544
570
598
608
587
605
671
577
603
612
623
615
627
622
676
653
600
623
673
618
618
687
651
588
634
646
631
634
617
614
640
605
613
634
606
617
626
625
632
605
620
637
611
620
651
623
626
642
648
649
627
654
676
651
668
697
646
659
656
628
619
632
638
615
619
629
639
624
627
652
649
628
662
680
657
658
693
682
653
691
698
663
676
708
668
686
698
669
682
697
665
676
675
677
666
652
693
713
695
696
746
716
700
766
765
709
752
766
719
751
776
740
759
785
760
736
778
767
753
787
781
744
768
777
737
748
771
738
727
758
758
729
765
782
736
765
796
757
741
775
784
755
772
803
755
766
802
767
741
791
773
733
767
794
765
746
793
802
759
784
817
785
767
809
824
768
779
847
779
763
815
847
816
821
870
854
814
872
890
850
866
892
828
835
865
850
828
857
834
812
855
854
809
853
845
799
849
857
809
846
872
825
854
880
834
855
888
832
870
887
837
855
881
838
830
881
880
835
860
867
817
845
835
803
830
832
775
810
806
779
798
816
773
792
795
771
770
795
786
772
798
803
771
798
796
776
806
820
789
808
819
785
797
814
775
800
786
774
800
801
770
805
813
787
802
820
796
781
812
822
790
812
833
808
796
822
824
801
831
830
795
818
832
811
793
823
847
819
801
826
816
789
803
806
786
790
823
811
794
812
827
798
788
817
823
789
793
822
803
795
842
836
811
842
841
810
835
845
813
846
850
822
845
861
823
851
830
801
820
824
807
819
831
802
813
826
806
815
844
805
818
849
833
810
845
844
813
832
857
814
829
846
815
831
858
825
823
857
824
828
854
844
820
851
845
814
854
839
812
835
843
823
819
842
825
816
843
845
818
847
859
824
836
855
833
834
862
850
822
828
804
811
820
802
778
785
774
792
793
789
791
778
791
767
797
799
778
791
813
825
787
810
804
797
810
817
789
823
825
803
835
828
825
840
809
815
809
811
816
806
832
841
818
844
841
825
848
845
825
858
861
825
861
883
833
858
859
825
850
843
809
828
836
807
821
828
810
813
837
821
813
845
834
808
845
838
808
829
