894
881
868
880
888
871
898
932
933
940
976
972
946
982
1015
971
979
1016
1032
1023
983
1032
1040
991
1038
1046
989
1019
1029
997
1031
1044
1002
1046
1057
1018
1059
1065
1023
1051
1090
1041
1026
1063
1050
1030
1007
1033
1044
997
1027
1059
1040
1004
1028
1049
1017
1019
1059
1032
1020
1042
1044
1030
1056
1053
1048
1046
1049
1051
1046
1050
1050
1051
1079
1081
1071
1087
1056
1068
1086
1064
1075
1040
1080
1017
1021
1013
1004
1005
1033
982
983
941
933
949
943
955
955
974
969
1029
1008
1045
1033
1010
1051
1046
1046
1026
1048
1048
1007
979
994
979
938
928
911
916
901
894
905
919
969
1049
1058
1098
1104
1041
1060
1082
1052
1056
1048
1065
1061
1021
1062
1046
1029
1008
1055
1062
1014
1043
1030
1031
1052
1025
979
1003
1055
1050
1074
1090
1092
1042
1012
1033
1010
979
990
1008
1006
989
1008
1028
1035
1045
1037
1021
1005
1046
1047
1074
1039
1067
1045
1054
1053
1070
1035
1069
1025
1055
1069
1040
1067
1041
1066
1063
1029
1067
1017
1064
1080
1061
1045
1018
1043
972
1012
1018
1032
1053
1058
1031
1053
1027
1047
1050
997
1029
1036
1051
1017
1044
1025
1048
1034
1054
1070
1042
1072
1031
1051
1022
1022
1042
1020
1038
1063
1045
1047
1052
1010
1035
1030
992
1021
1022
1019
1020
1012
1042
1067
1029
1030
1054
1043
1030
1017
1030
1004
1016
1035
1013
1035
1061
1059
1047
1060
1044
1063
1039
1063
1077
1051
1054
1018
1029
1029
1046
1022
1039
1042
1034
1031
1024
1048
1021
1058
1069
1062
1081
1091
1088
1088
1101
1076
1088
1093
1095
1071
1075
1087
1101
1021
995
1005
992
1023
1029
1008
1031
1027
1072
1059
1063
1021
1050
1042
1059
990
978
1000
1027
1055
1019
1049
1056
1055
1062
1074
1067
1075
1091
1052
1069
1043
1034
1075
1049
1060
1073
1069
1056
1067
1069
1102
1093
1073
1080
1111
1073
1074
1077
1064
1063
1063
1050
1017
1044
1042
1032
1026
991
963
983
1005
962
975
982
976
930
927
907
904
905
885
889
877
875
854
861
863
848
851
855
850
849
852
856
853
842
851
854
857
845
845
849
852
840
852
849
846
836
838
838
839
822
832
831
814
800
806
808
800
789
789
787
777
771
774
772
770
780
783
774
771
761
754
753
753
752
736
742
734
729
726
733
727
717
719
721
722
714
713
714
709
711
709
712
705
691
703
714
721
722
718
717
727
717
719
721
720
709
717
717
719
707
704
704
706
695
695
683
675
680
674
679
667
666
664
665
663
653
667
655
659
663
656
655
664
659
660
659
667
655
661
669
659
656
658
658
655
657
654
648
662
652
645
664
663
652
652
672
669
658
664
666
662
659
665
662
653
657
657
657
656
661
663
672
665
676
678
674
687
688
715
750
760
766
753
779
774
748
744
738
745
750
740
733
759
772
781
768
753
741
720
717
723
737
729
743
751
752
749
760
793
795
807
813
821
811
801
808
812
802
810
808
771
775
774
778
782
772
782
781
776
759
776
756
762
777
769
802
810
822
826
840
839
879
880
868
886
880
882
875
896
891
903
928
913
926
930
927
934
932
918
944
938
901
894
884
879
878
873
887
898
882
846
847
838
817
804
813
820
800
830
830
824
842
851
849
833
890
874
917
943
960
918
986
1062
979
1013
1044
1009
1032
1013
1048
1059
1021
1052
1036
1014
979
957
1020
1000
992
1036
1076
991
1027
1050
994
956
935
937
968
966
1009
1003
1049
1072
1006
1054
1086
1036
1102
1093
1109
1128
1064
1104
1095
1101
1103
1107
1066
1076
1021
1064
1010
1007
1045
1015
1075
1106
1067
1056
1095
1092
1074
1060
1071
1027
1027
1019
1034
1045
1017
1039
995
1034
1005
1043
1063
1053
1067
1056
1060
1057
1021
1013
1021
1021
1014
1033
969
989
999
1021
1025
1012
1044
1009
1044
1023
1019
1057
1058
1063
1065
1072
1036
1053
1059
1063
1077
1041
1064
1065
1021
1045
1029
1055
1052
1091
1075
1024
1061
1071
1037
1076
1025
1044
1045
1075
1056
1012
1028
1038
1017
1062
1053
1065
1061
1084
1072
1082
1095
1053
1071
1036
1046
1043
1002
1037
1061
1018
1042
1005
1035
1003
1031
1005
1046
1065
1033
1058
1086
1089
1078
1052
1063
1074
1039
1042
1021
1056
1041
1010
1047
1009
1039
1058
1023
1042
1056
1040
1073
1054
1050
1072
1044
1060
1068
1063
1063
1048
1055
1049
1043
1050
1027
1044
1037
1019
1049
1028
1057
1071
1064
1073
1031
1069
1049
1068
1066
1035
1065
1082
1054
1056
1056
1032
1069
1044
1066
1027
1040
1049
1004
1025
1011
1013
978
986
985
974
956
932
908
916
924
927
915
915
944
917
941
921
936
919
924
916
929
915
908
917
911
931
947
919
942
945
939
938
913
936
938
963
955
908
922
928
934
920
928
909
914
887
898
889
886
894
890
885
884
886
884
882
886
896
883
895
885
889
901
