865
872
870
871
873
872
877
354
521
883
881
326
553
846
854
904
936
1798
868
899
844
833
753
739
729
603
915
766
731
716
891
321
566
859
862
491
366
850
859
866
856
863
871
819
821
818
876
911
903
884
872
332
522
843
884
855
878
922
844
866
912
878
870
844
886
844
830
867
864
873
859
862
856
854
836
835
839
874
902
888
926
936
941
919
936
828
872
862
854
851
851
852
842
841
850
512
340
861
874
877
896
912
905
913
902
901
892
999
736
851
1804
803
993
335
489
868
862
868
699
601
434
858
867
859
849
676
991
839
494
345
851
517
1200
871
394
519
871
860
858
1231
434
824
827
827
835
837
1692
856
866
872
884
887
898
902
899
901
884
880
879
562
313
559
321
919
940
1815
680
1049
858
874
866
866
868
868
878
778
968
865
874
1729
833
854
893
858
732
960
850
855
875
892
444
447
882
851
331
516
439
290
1172
531
276
391
3296
1552
875
889
421
284
294
624
312
660
441
423
880
866
687
1036
383
504
660
375
772
260
630
847
827
888
862
864
771
957
855
851
836
859
714
973
739
936
850
845
835
845
660
1023
1033
740
296
470
844
384
669
1454
824
2446
809
818
825
830
835
843
859
859
862
856
856
858
859
854
856
853
858
855
856
858
855
854
852
847
1664
842
831
835
818
831
850
838
896
898
882
889
887
850
874
866
888
868
896
919
912
896
883
855
290
439
1089
1500
1984
1917
264
1256
274
313
269
862
854
866
868
865
861
859
860
861
859
869
866
878
879
888
894
892
900
906
898
894
895
885
884
879
879
878
877
868
1736
866
856
1716
857
854
847
846
445
408
847
848
844
893
813
860
865
868
868
337
541
882
276
601
291
442
1007
402
479
878
871
876
875
871
1766
885
884
895
894
887
889
891
2646
361
518
879
477
398
1746
877
877
873
899
1511
1258
1507
853
854
848
853
833
896
898
601
287
872
909
870
855
864
918
876
883
858
350
516
518
537
708
2650
889
902
895
905
906
888
888
891
887
417
459
432
421
1714
861
855
863
866
872
855
868
870
856
1674
849
832
817
819
821
816
819
810
813
799
805
765
821
849
285
1353
806
817
800
812
809
806
818
799
823
822
485
321
789
789
593
949
813
819
809
804
801
812
805
798
813
804
489
1118
817
809
813
802
787
818
807
801
813
813
808
811
812
1621
800
816
797
793
826
828
513
305
820
834
788
775
808
803
814
831
820
806
797
782
850
832
827
786
819
670
902
817
846
851
816
774
814
848
802
807
806
797
802
806
812
807
798
819
810
799
813
799
801
796
798
798
803
800
805
799
791
819
804
804
798
813
788
813
789
793
798
782
785
795
782
772
786
775
780
771
784
793
787
794
792
766
775
818
787
801
783
795
792
802
784
797
793
792
774
795
790
780
1602
796
802
803
768
832
808
795
792
791
377
882
293
768
752
800
781
786
773
793
790
768
792
781
777
738
741
814
775
466
512
2874
763
352
1786
4102
1594
799
792
792
775
771
784
778
772
386
387
771
778
781
583
775
309
674
784
782
780
806
785
791
794
791
784
779
773
756
762
813
803
536
256
807
811
807
763
860
832
503
309
834
833
831
830
846
831
842
842
845
847
844
843
849
853
848
856
848
854
853
845
853
852
844
850
852
848
850
856
852
820
895
856
861
864
864
415
446
865
867
868
871
875
866
865
872
867
864
865
869
863
869
872
864
870
873
870
876
878
869
880
877
867
875
876
866
872
873
868
874
874
875
873
875
875
874
877
879
873
881
874
870
867
859
848
843
839
845
850
847
851
857
857
853
861
861
857
861
863
861
867
869
866
871
873
874
875
881
874
884
877
871
877
875
877
878
877
872
881
876
874
876
874
874
883
877
884
885
877
881
887
889
876
874
874
867
862
856
854
854
848
845
839
847
846
852
857
861
863
870
865
864
864
860
854
859
855
858
862
857
860
864
848
832
838
842
838
827
823
816
821
814
816
815
558
260
826
831
843
853
859
864
876
876
874
882
876
877
876
871
869
876
868
864
870
868
872
869
873
878
868
873
872
706
1018
861
858
861
859
852
860
854
852
853
858
863
855
853
855
861
860
860
858
866
861
855
864
864
862
861
855
864
864
865
858
859
852
856
849
846
840
844
834
843
844
847
852
855
854
847
850
851
843
832
840
826
832
829
820
817
822
824
823
818
817
821
815
814
815
819
816
818
821
821
823
825
828
825
830
834
834
834
841
839
847
844
614
1089
852
859
856
857
856
863
866
865
867
868
863
855
851
852
850
841
844
848
856
858
861
859
863
854
860
859
862
860
860
858
861
856
859
862
864
871
868
875
874
874
877
882
879
877
874
873
865
866
866
864
866
865
866
862
865
870
869
871
879
882
881
890
889
889
891
886
884
892
884
880
879
878
878
877
881
882
875
883
873
872
878
874
873
882
874
874
875
879
303
570
884
871
875
479
397
875
876
875
869
881
876
877
439
438
873
865
868
333
293
1101
854
857
848
838
835
848
833
831
829
826
833
835
837
845
851
860
863
870
868
872
872
874
870
870
863
861
862
855
846
819
845
865
864
850
854
840
839
863
856
849
862
863
863
866
862
868
885
810
827
771
753
740
738
803
754
729
718
718
908
908
893
870
853
856
858
855
857
854
851
856
856
855
854
851
846
844
842
833
822
824
828
829
896
854
848
847
847