842
842
848
854
849
854
854
855
825
817
813
784
763
748
744
753
772
795
838
867
867
881
893
898
891
897
905
908
877
873
872
863
855
873
870
874
874
887
876
888
890
896
889
898
906
911
921
922
917
909
919
920
914
933
932
932
944
972
881
932
936
920
932
929
939
938
940
927
906
916
923
920
921
925
914
924
920
900
895
897
889
896
907
907
910
921
907
906
911
905
893
900
905
908
907
887
870
867
875
880
883
887
861
825
1649
813
825
833
849
565
1162
862
861
878
885
890
904
920
922
923
925
918
921
922
915
915
903
911
902
893
904
905
899
881
858
853
851
854
865
881
887
896
912
900
909
910
920
899
893
889
889
884
891
899
902
906
908
907
896
903
905
894
897
906
911
905
905
910
903
895
863
846
820
798
793
792
813
832
714
975
841
842
838
854
867
866
875
884
885
884
864
539
1141
805
785
780
794
806
838
857
613
1136
861
858
1683
808
806
814
821
842
865
870
871
884
881
869
838
838
742
923
817
815
812
804
803
791
789
777
764
767
777
785
799
809
825
856
872
865
867
881
1712
827
823
819
816
826
820
826
848
577
1068
1599
771
808
837
869
888
904
881
886
900
904
932
959
951
951
965
967
945
936
918
922
901
897
895
891
893
892
885
896
882
871
876
882
892
914
918
911
918
922
907
889
893
893
889
884
889
881
874
861
860
856
857
857
868
861
851
854
852
849
854
876
900
900
899
887
875
885
876
880
864
856
868
875
881
879
895
904
895
851
829
832
847
859
876
878
896
910
910
906
920
923
937
918
931
935
930
927
942
948
945
962
965
951
952
953
938
934
932
922
921
910
917
903
886
897
895
900
893
902
901
894
901
905
915
905
922
924
918
924
928
935
933
953
941
944
938
945
937
923
926
927
911
915
911
912
910
915
917
910
920
915
913
926
933
929
917
925
912
854
817
812
825
850
656
1044
834
829
806
791
770
758
741
730
715
712
705
707
712
717
726
745
744
752
754
756
761
760
756
762
763
760
755
753
753
752
750
744
736
732
735
733
730
723
723
719
716
707
702
697
697
687
686
679
681
676
675
672
666
664
661
663
661
657
661
656
657
655
656
657
652
658
660
661
654
658
653
648
650
646
641
640
638
641
638
634
636
635
639
639
637
491
802
633
632
630
626
621
623
620
619
620
529
724
620
622
620
618
617
610
613
608
608
610
612
610
614
610
610
619
617
612
613
619
618
616
613
612
616
612
612
606
606
607
1213
606
603
605
604
603
556
651
599
604
597
601
1194
598
592
596
584
593
594
592
586
592
584
583
584
581
578
576
575
575
575
571
580
575
579
577
575
342
820
577
577
574
570
569
573
1129
568
574
579
577
482
680
576
575
566
578
561
565
562
558
560
557
559
557
553
557
558
559
548
541
553
558
565
564
567
571
575
578
573
580
581
584
583
589
593
598
611
619
628
629
628
630
643
643
646
636
651
652
654
658
652
682
650
663
654
682
659
667
676
663
688
660
668
672
664
660
657
656
651
648
649
644
649
646
640
643
638
628
736
725
700
701
688
675
665
666
666
675
679
689
686
684
683
682
690
695
708
703
519
908
691
699
715
730
714
742
748
764
771
777
795
804
792
783
754
773
759
751
716
711
696
707
727
758
752
786
795
811
804
825
823
834
832
828
838
842
832
820
821
801
814
801
806
800
803
804
813
816
819
831
840
536
1134
831
1600
789
804
807
813
816
838
1657
841
681
938
792
805
803
798
832
843
851
861
866
873
874
858
852
830
825
821
812
807
820
818
819
551
1033
758
748
755
784
778
803
824
847
864
859
864
873
866
875
872
878
868
860
863
871
861
856
857
847
851
847
844
829
835
847
1663
830
835
830
844
863
850
855
871
879
871
876
879
880
868
874
878
876
876
878
880
864
870
865
857
859
862
863
859
862
867
856
859
866
859
846
843
839
830
831
837
843
837
840
844
847
842
846
845
839
829
832
841
835
834
839
838
842
838
840
835
831
830
839
837
826
832
833
831
836
836
832
823
828
825
821
825
818
809
788
768
761
773
780
791
787
798
805
811
806
814
820
821
829
836
839
830
826
831
820
824
822
819
1619
1601
776
564
986
766
773
788
1630
806
816
820
549
1092
811
805
1601
799
808
811
829
834
843
837
840
848
849
859
854
843
846
843
838
813
810
791
780
769
767
772
785
793
1612
802
805
800
792
802
807
808
810
658
993
813
814
813
824
827
829
825
812
812
810
1630
802
806
808
823
1663
828
838
827
833
824
827
812
1633
805
553
1050
775
772
764
758
781
791
801
805
804
813
1622
794
787
788
784
784
783
790
701
955
706
775
781
781
792
785
784
779
785
788
791
779
786
783
784
783
781
784
788
781
654
933
786
796
800
801
796
797
798
797
785
791
797
799
603
1029
816
816
820
825
810
810
793
789
796
807
816
823
821
807
798
792
665
931
795
798
802
797
784
774
772
785
812
846
844
820
809
821
823
821
814
812
808
802
810
812
809
808
813
1664
827
827
697
1011
861
878
873
876
889
