762
755
750
779
758
763
757
794
764
778
764
804
793
771
774
770
811
779
788
787
811
819
805
800
778
836
825
813
819
802
833
807
808
813
836
805
807
800
840
793
792
798
799
787
779
805
810
806
810
805
834
830
812
825
833
841
820
822
843
825
828
815
829
833
817
822
830
837
819
819
811
835
815
824
807
840
810
821
799
821
792
792
773
775
786
767
775
773
802
800
813
789
813
815
819
811
829
826
841
836
836
840
846
844
823
819
835
836
824
827
825
814
812
799
793
827
793
804
808
788
789
782
800
776
792
778
817
812
794
803
812
814
800
798
789
817
788
793
802
798
806
790
803
801
808
813
812
791
799
811
810
794
787
783
807
775
780
771
803
775
788
777
811
801
782
802
796
806
789
797
806
810
790
802
807
809
817
802
801
814
816
809
815
818
826
825
814
833
829
838
821
838
844
851
831
843
841
848
823
832
835
820
818
822
836
827
811
823
820
823
812
818
813
825
822
828
813
830
828
807
823
818
804
802
790
824
794
801
789
791
812
783
796
809
798
798
786
814
813
806
816
818
833
830
817
828
840
836
826
821
819
824
807
812
821
829
837
813
799
804
851
842
839
853
850
846
830
822
844
844
830
828
837
834
823
827
833
835
821
812
803
818
797
807
813
802
816
823
828
836
818
836
834
840
838
833
841
847
844
835
848
850
832
839
838
836
821
816
821
821
796
808
812
822
828
815
824
844
849
836
833
847
846
831
839
845
845
833
835
844
851
848
838
835
847
843
834
836
849
840
834
850
854
854
852
848
873
860
840
849
857
857
836
848
854
855
854
851
841
851
854
848
827
846
859
864
854
844
863
859
853
844
850
848
823
828
832
838
832
823
839
834
822
814
820
818
807
804
813
810
801
809
809
817
811
791
811
814
808
799
808
816
813
807
815
816
821
823
813
828
837
834
828
838
840
838
836
853
872
874
870
870
881
869
861
859
862
857
841
858
850
831
820
824
832
826
826
834
846
849
840
826
847
849
841
842
819
824
831
831
828
820
826
826
822
816
817
819
801
794
777
796
800
796
790
813
814
836
842
821
830
829
827
813
822
829
837
841
829
840
849
843
837
835
852
850
842
849
854
845
837
840
841
828
816
825
827
817
809
808
816
810
803
802
824
826
826
827
838
843
838
823
837
839
840
825
827
827
832
822
815
820
834
828
827
815
840
821
819
820
816
793
806
808
788
807
817
814
813
810
827
819
822
817
840
826
811
815
822
794
790
800
800
791
779
787
795
791
794
777
783
790
792
792
771
776
