921
936
933
946
948
942
952
950
923
925
932
917
910
914
908
886
888
887
884
884
899
903
887
911
922
910
895
913
929
927
916
938
924
893
919
935
924
909
930
910
886
909
904
867
862
849
826
857
861
869
893
864
891
900
887
897
883
893
902
894
850
858
866
834
855
873
860
865
835
875
921
916
943
950
949
957
922
922
924
929
905
920
909
883
912
917
933
900
907
912
904
878
884
885
894
874
871
873
853
881
900
865
835
803
831
842
893
907
910
927
903
921
915
923
934
918
958
980
991
982
983
971
966
969
953
947
938
934
925
921
923
923
916
884
885
875
887
858
879
852
807
791
784
758
777
774
771
771
756
759
768
791
813
834
831
830
853
866
882
868
885
895
901
886
904
907
885
908
930
949
956
956
969
965
941
927
944
950
935
917
884
867
843
842
844
821
837
833
819
852
870
855
869
873
853
878
889
893
885
904
910
920
920
920
923
900
902
892
890
865
861
861
852
840
868
883
888
892
900
904
881
890
893
887
872
873
878
865
879
904
916
929
915
928
917
885
861
885
894
890
911
912
921
902
902
901
874
849
859
852
828
839
826
804
824
855
856
844
862
875
854
861
870
859
842
854
879
884
877
875
893
908
891
908
917
911
920
941
925
941
923
927
925
922
936
929
904
915
918
899
902
907
888
892
896
884
901
904
885
892
892
877
873
885
887
868
875
878
865
876
885
885
880
896
887
868
888
884
881
896
913
899
915
920
913
882
900
901
893
899
925
905
885
889
887
889
887
861
884
894
906
886
893
898
894
889
905
901
895
867
873
873
847
843
857
867
875
858
874
886
871
872
876
890
875
863
873
869
845
848
856
839
828
846
856
845
839
865
898
886
910
916
899
893
886
854
806
815
825
819
807
826
867
884
888
910
930
941
939
948
959
950
963
948
932
928
933
942
938
910
911
903
876
896
892
799
789
749
743
711
698
715
721
737
748
759
750
741
747
752
742
756
752
729
733
688
687
659
660
643
637
635
623
627
617
619
611
601
600
603
588
595
584
584
577
581
574
570
567
566
555
555
549
541
544
542
539
536
536
531
528
527
523
521
517
521
517
520
514
514
510
508
511
504
503
504
504
498
495
491
491
491
487
488
482
479
480
476
474
474
474
470
466
469
468
465
461
463
462
347
563
459
456
456
456
456
453
451
455
453
451
450
449
450
449
447
450
446
446
448
448
445
443
444
447
441
442
441
443
441
438
438
439
439
438
437
438
438
435
434
433
436
433
429
435
432
430
428
430
429
429
424
427
428
428
424
424
426
424
422
424
422
425
424
426
421
425
422
425
422
423
425
424
421
422
421
423
423
422
420
424
423
423
420
419
422
423
420
419
421
421
421
419
419
420
420
422
419
419
421
422
418
418
420
421
416
416
417
418
419
413
414
415
415
413
413
412
411
413
411
410
413
413
410
408
411
412
408
407
409
408
408
405
406
407
406
407
403
405
406
405
403
404
404
406
400
404
406
403
403
403
405
405
406
404
405
406
408
405
405
409
410
405
406
409
408
406
407
406
409
410
408
407
409
411
408
408
411
413
415
426
431
436
438
445
445
453
450
448
452
455
458
465
462
465
464
463
460
462
462
469
462
468
468
474
474
471
472
475
475
474
467
469
473
476
478
483
479
486
482
488
494
502
515
511
521
526
540
540
545
563
584
569
567
548
541
547
574
583
582
577
575
582
584
577
573
589
598
576
569
588
608
616
659
726
649
622
612
609
618
622
627
625
609
602
598
586
593
589
579
583
587
583
587
598
590
569
561
568
559
594
670
692
642
670
688
671
659
689
752
774
744
783
777
750
765
758
737
754
809
800
755
759
748
724
709
728
750
743
738
749
749
729
728
736
750
742
747
770
771
750
774
799
796
807
801
783
782
780
757
763
769
757
762
770
768
742
755
775
781
765
766
780
773
772
787
778
798
830
807
798
783
764
748
749
745
733
719
704
716
759
800
826
820
793
799
804
796
798
809
824
802
799
795
786
769
777
779
783
785
796
794
781
782
786
785
775
784
792
777
763
766
755
748
751
747
767
758
762
771
775
771
784
792
781
779
780
776
770
786
793
779
782
783
779
779
792
793
787
786
790
787
785
789
795
790
803
802
792
781
786
787
769
776
778
771
771
775
786
782
791
788
782
797
802
789
780
789
792
786
789
789
786
771
784
783
776
770
782
813
792
756
764
784
790
806
811
801
809
813
809
799
814
819
825
823
828
844
831
828
829
822
802
805
813
804
803
809
804
794
806
810
808
792
795
804
793
808
819
817
801
817
821
807
812
820
810
798
817
824
805
798
813
813
796
799
801
790
787
794
785
767
776
789
786
769
749
734
742
751
774
811
834
826
841
844
835
813
807
804
796
806
813
817
819
822
822
801
818
809
792
791
791
786
774
782
785
770
778
788
778
765
770
778
768
776
788
795
792
805
812
783
790
792
801
792
790
797
792
777
798
800
807
795
682
931
795
794
794
786
777
788
788
778
789
798
809
798
813
813
790
803
810
813
796
808
813
797
802
810
805
795
799
804
797
802
821
818
797
812
812
797
796
804
807
794
802
804
790
796
806
813
792
802
805
789
790
791
790
772
788
795
794
791
804
804
789
781
791
795
784
790
794
790
778
777
783
776
766
786
802
813
800
810
806
795
786
794
791
771
785
800
806
795
811
810
801
