767
761
758
787
804
835
893
920
935
938
940
954
975
969
949
983
978
973
985
974
1000
1000
996
1009
991
976
990
974
958
977
982
960
977
970
954
977
960
946
970
956
945
973
984
956
962
977
966
957
983
987
995
976
971
978
995
1002
968
1007
1006
985
960
976
979
964
958
966
959
934
920
933
935
937
942
962
980
970
949
964
973
956
939
947
938
928
948
946
934
943
940
924
915
929
934
930
939
961
963
947
969
971
956
948
959
968
959
931
945
935
927
909
916
909
895
904
921
905
896
910
901
895
910
926
913
914
911
910
901
908
909
897
891
908
911
921
926
939
949
938
957
978
984
898
873
923
939
959
981
978
966
978
971
949
952
940
926
920
929
927
930
921
938
955
956
954
973
970
966
952
965
978
978
972
970
975
959
942
938
935
917
905
910
903
896
907
914
940
956
940
953
948
930
943
952
955
947
957
955
951
951
955
954
947
946
968
969
949
940
938
943
925
920
931
923
925
945
964
975
967
964
951
937
920
931
921
914
906
920
923
920
908
921
927
928
915
919
929
928
914
929
929
923
912
925
923
917
903
891
906
906
901
891
901
904
898
890
901
908
908
907
912
917
914
907
925
925
913
915
912
920
912
905
913
923
910
904
910
914
909
910
917
917
925
919
945
962
972
970
972
980
983
978
963
954
949
960
943
938
952
960
956
962
970
975
963
956
959
961
955
953
955
961
963
967
962
964
959
951
1864
926
910
910
908
913
910
911
913
929
934
930
931
936
934
932
935
958
959
948
946
935
923
912
923
919
905
902
919
911
896
885
886
891
890
893
892
901
900
899
896
908
911
926
929
918
918
907
907
906
900
913
924
923
927
928
926
944
939
925
941
933
926
932
932
929
938
932
928
935
927
930
937
941
932
938
940
930
899
774
777
816
839
872
836
841
812
784
767
736
733
742
735
745
740
735
730
720
715
710
704
695
683
674
671
671
657
654
651
650
648
639
635
632
631
633
625
625
626
626
632
621
619
615
612
604
570
567
640
608
605
600
602
594
597
604
599
589
581
580
573
585
582
573
576
561
571
565
560
568
561
559
551
547
546
552
551
550
539
545
537
543
535
525
530
535
529
530
530
522
523
521
523
521
520
513
514
515
516
510
508
503
509
507
510
504
497
502
501
501
498
500
496
500
501
504
501
503
497
500
495
492
494
491
491
494
496
494
493
488
487
491
490
487
482
485
484
488
485
487
479
481
483
479
484
482
477
480
479
479
479
481
476
479
479
476
478
477
477
478
478
477
476
481
477
478
479
478
476
468
472
479
479
478
477
471
469
479
476
479
475
472
472
472
470
468
468
464
467
468
465
466
464
463
464
465
465
462
460
457
461
459
461
458
456
456
457
459
461
461
460
456
462
460
461
458
457
456
455
458
459
459
462
461
464
463
458
459
459
461
458
463
462
458
461
463
464
466
463
461
464
464
468
466
466
468
470
469
470
469
469
471
475
472
477
476
474
474
474
475
475
478
476
477
476
476
477
478
477
479
481
480
484
486
489
486
489
493
495
498
499
498
499
506
514
520
523
523
519
519
517
520
521
520
520
527
528
533
530
533
537
544
541
537
540
537
541
538
540
542
546
551
552
547
540
539
527
541
542
544
543
550
563
567
563
566
563
559
563
556
540
540
532
529
519
517
517
516
511
508
511
510
511
511
517
521
521
532
545
558
552
547
553
550
558
545
538
534
535
534
553
556
568
616
813
763
733
769
847
821
824
838
1643
785
783
813
802
790
799
810
764
777
794
810
815
794
768
774
771
769
752
743
758
769
757
746
765
788
763
737
756
789
780
755
755
772
784
761
777
836
857
813
780
792
798
799
763
793
817
818
800
855
879
852
838
881
876
846
861
870
843
804
809
806
780
749
711
723
821
815
781
804
822
807
775
790
811
786
771
781
790
781
800
814
802
790
801
798
791
799
800
797
791
813
816
815
816
823
815
808
828
842
833
829
851
852
844
824
830
828
839
835
819
819
832
834
820
842
859
854
842
846
862
853
831
843
857
875
866
855
864
874
865
851
860
875
875
857
844
853
845
827
842
843
820
824
838
834
844
844
836
815
835
855
837
820
830
833
818
833
833
821
825
838
834
812
831
840
824
837
842
833
845
860
857
840
860
871
860
839
856
863
847
846
858
881
876
854
865
858
845
855
854
842
867
881
859
856
863
864
846
858
870
854
857
874
867
1734
841
807
822
831
821
825
846
854
847
859
874
877
863
862
743
973
866
867
859
850
867
866
861
859
860
853
845
835
834
821
818
834
821
804
832
848
854
853
868
868
860
846
847
839
830
831
840
855
859
859
878
872
865
867
868
868
856
860
864
865
854
849
856
854
858
848
851
854
857
844
843
849
856
852
842
852
864
844
867
878
886
875
851
857
858
857
842
830
837
836
833
825
830
841
841
836
845
860
864
855
861
865
849
842
852
854
848
837
843
847
840
829
833
838
837
828
834
845
847
840
860
866
867
857
872
883
892
883
883
885
893
884
864
870
881
884
880
877
890
907
906
894
885
880
872
865
869
875
884
871
867
871
876
874
862
869
863
871
