954
994
976
1010
1008
994
1000
1000
991
982
1010
1008
1009
990
487
389
1006
1030
1014
988
1020
1003
1034
1006
1044
1045
1018
1049
1034
1022
1047
1019
1026
1044
1023
1035
1049
1029
1054
1048
1023
1057
1026
1032
1038
1012
1039
1021
1016
1034
1004
1035
1028
1013
1050
1024
1037
1033
1062
1041
1064
1071
1047
1070
1058
1061
1070
1052
1065
1074
1056
1077
1054
1067
1077
1049
1071
1059
1053
1063
1043
1062
1063
1043
1065
1047
1058
1068
1044
1065
1063
1034
1055
1043
1015
1050
1053
1035
1066
1046
1068
1074
1053
1079
1066
1063
1081
1062
1082
1076
1063
1087
1063
1075
1077
1048
1072
1045
1057
1061
1035
1059
1046
1040
1064
1040
1063
1060
1037
1065
1046
1063
1063
1040
1061
1049
1039
1058
1041
1060
1066
1041
1072
1068
1056
1087
1068
1083
1091
1067
1094
1090
1074
1090
1074
1085
1089
1068
1081
1079
1061
1076
1053
1059
1055
1020
1051
1045
1047
461
632
995
443
974
1138
1055
1040
1013
1061
1056
1042
1063
1073
1074
1053
1072
1051
1082
1084
1045
1077
1062
1061
1067
1040
1068
1063
1038
1068
1057
1048
1062
1044
1061
1061
1040
1061
1056
1043
1059
1051
1054
1064
1052
1060
1060
1042
1062
1057
1032
1049
1044
1027
1048
1024
1033
1040
1012
1047
460
385
942
1077
1005
1034
1028
1003
1029
1007
1030
1036
1020
1050
1018
1012
481
931
1122
1029
1002
973
995
989
989
1023
1007
1040
1050
1039
1061
1076
1051
1080
1067
1052
1067
1037
1056
1063
1038
1065
1044
1061
1063
1047
1076
1068
1076
1082
1064
1091
1097
1068
1097
1091
1081
1095
1083
1068
1078
1063
1063
1063
1039
1059
1055
1032
1056
1036
1035
1053
1035
1048
1049
1023
1046
1024
1022
1037
1015
1024
1024
1001
1012
999
977
1000
999
997
1021
1012
1029
1049
1031
1057
1055
1048
1069
1051
1075
1080
1061
1089
1079
1060
1026
956
986
956
999
1000
1026
1002
1039
1017
1022
1026
1005
1029
1022
994
1030
998
1020
1023
1000
993
959
956
888
867
869
849
851
840
846
833
816
804
795
791
793
777
789
774
763
764
771
756
761
766
754
741
756
754
750
738
738
737
734
723
729
728
718
718
725
710
716
724
715
722
714
705
714
713
711
518
868
708
704
698
705
697
694
698
688
691
691
684
688
688
688
687
683
676
678
669
673
670
669
416
796
664
658
657
659
655
656
656
655
657
650
650
649
654
646
646
646
645
646
644
644
644
639
639
641
636
566
701
631
639
636
637
639
638
642
643
640
639
641
641
642
639
641
646
641
644
648
642
645
646
645
643
645
401
789
656
646
641
645
640
640
642
640
639
636
639
637
638
638
638
639
637
639
635
636
634
639
634
639
639
635
638
641
636
639
638
641
639
642
638
637
635
634
637
632
634
634
638
632
637
639
633
636
639
632
634
639
642
647
647
655
661
417
817
683
675
682
679
704
701
717
724
724
742
750
754
763
755
768
775
770
770
778
785
782
799
795
781
809
809
814
809
808
833
824
806
813
849
833
826
830
838
1688
847
845
856
845
843
846
845
870
852
842
857
858
868
850
864
876
872
867
884
898
900
882
903
918
921
895
892
900
919
910
894
912
921
922
905
924
940
918
913
933
945
930
927
942
952
954
937
950
963
976
969
954
969
981
991
990
962
974
988
998
977
977
986
999
1019
994
990
1005
1012
1025
990
994
1002
1017
981
995
997
1008
982
985
999
1013
1023
1006
1004
1024
1033
1012
1003
1019
1027
1036
1004
1015
1021
1025
1035
1009
1002
1021
1030
1025
1009
1029
1033
1039
1056
1050
455
1110
1003
985
988
973
995
1025
1033
1021
1046
1029
1050
1052
1041
1054
1041
1055
1067
1044
1043
1001
1020
1001
982
1010
982
1021
1035
1015
1043
1024
1038
1057
1022
1041
1052
1026
1043
1028
1038
1049
1036
1050
1063
1038
1052
1058
1027
1043
1025
1025
1042
1026
1034
1045
1024
1042
1049
1017
1044
1026
1015
1029
1011
1021
1029
997
1024
1020
1003
1025
1008
999
1019
997
1023
1027
1010
1034
1021
1034
1047
1020
1045
1050
1024
1039
1017
1021
1028
1004
1022
1036
1008
1036
1042
1028
1048
1042
1041
1060
786
1190
1079
1043
1059
1043
1025
1049
1037
1052
1062
1038
1056
1060
1027
1053
1035
1031
1040
1020
1031
1039
1013
1027
1026
1000
1027
1015
1003
1019
1003
1022
1037
1016
1062
1043
1078
1084
1068
1096
1075
1093
1099
1060
1078
1059
1045
1061
1033
1054
1052
1029
1049
1041
1045
1058
1032
1052
1025
1037
1049
1029
1061
1041
1043
1066
1051
1089
1085
1083
1066
1068
1068
1050
1061
1026
1053
1030
1040
1047
1024
1046
1021
1047
1024
1030
1034
1013
1043
1027
1019
1034
1017
1031
1042
1021
1048
1043
1023
1052
1034
1054
1057
1034
1062
1045
1046
1057
1030
1050
1042
1035
1046
1030
1049
1065
