873
918
929
940
920
866
840
816
765
706
723
751
769
773
804
828
881
916
882
854
816
795
810
875
934
899
865
845
864
891
919
889
832
793
790
827
917
964
908
862
843
881
884
896
873
838
843
878
911
933
906
873
853
860
903
936
920
868
833
848
869
874
846
813
803
814
840
868
859
818
775
764
777
805
856
925
876
820
796
813
829
855
886
854
849
852
901
950
941
905
859
847
855
887
911
898
839
798
762
791
809
841
867
875
850
817
813
809
812
822
806
803
860
919
957
929
876
851
828
836
837
830
817
790
775
799
808
838
843
828
810
778
758
779
787
815
835
832
805
788
790
799
807
790
773
773
775
796
803
815
847
821
804
804
801
795
763
741
705
716
734
758
752
733
736
784
844
873
911
902
845
823
843
920
999
966
959
919
869
840
846
872
909
901
880
848
844
879
916
868
829
834
848
875
894
896
859
831
826
824
855
849
841
821
833
878
887
879
867
837
839
876
926
902
882
879
837
830
816
837
835
818
804
810
807
834
851
830
811
828
874
887
824
781
779
753
741
721
753
800
854
873
879
842
797
785
801
835
872
859
806
783
785
813
867
896
879
853
872
863
851
819
806
795
781
769
776
809
834
848
836
809
786
802
836
900
979
910
877
858
850
839
825
802
805
811
834
863
875
858
828
817
823
835
824
810
822
858
845
824
803
771
757
736
720
741
723
728
705
708
749
769
800
813
822
822
843
904
947
955
964
949
932
900
861
864
909
939
901
850
818
803
818
842
836
830
830
856
895
884
855
838
854
893
900
869
828
815
830
843
837
810
790
801
799
790
766
764
790
810
826
816
799
792
800
816
816
793
773
781
795
825
841
835
809
809
829
850
838
812
818
845
880
896
875
861
850
852
876
910
883
840
833
856
864
857
822
808
821
854
865
864
834
811
828
847
865
866
840
841
863
893
870
846
817
830
851
865
854
830
802
831
852
884
891
850
822
824
848
855
850
837
806
791
819
824
833
841
823
787
748
727
729
704
691
698
714
742
763
761
760
758
756
723
705
689
676
663
662
664
658
652
646
646
642
636
633
640
634
633
628
626
625
628
627
619
618
613
614
613
605
609
603
600
598
597
591
591
591
585
591
582
582
578
572
576
576
578
569
569
567
569
569
564
568
564
563
556
560
555
550
545
542
540
540
538
535
535
534
537
533
532
530
531
530
529
526
525
523
526
523
525
521
523
521
525
525
524
523
521
520
520
519
517
519
517
516
515
514
516
516
512
512
510
515
507
508
508
508
505
509
505
508
505
502
505
501
502
501
498
500
499
499
494
498
492
497
495
493
492
492
489
493
491
491
490
491
487
493
488
490
488
488
487
492
487
486
486
482
485
485
481
483
479
481
479
481
476
478
474
476
478
475
474
474
473
472
475
470
471
471
469
469
470
466
469
468
467
469
471
465
466
463
470
464
465
462
462
460
464
459
460
460
458
462
461
458
457
460
459
461
455
458
454
453
455
456
453
452
453
452
454
454
454
451
453
448
450
449
451
446
447
447
447
451
447
449
446
447
447
449
450
446
448
447
450
451
448
447
448
447
450
452
452
454
466
465
466
467
470
473
476
479
479
479
483
476
483
483
481
482
495
508
538
627
668
652
610
569
554
534
523
521
514
510
515
513
531
531
525
526
527
543
555
548
541
549
563
578
587
582
568
569
569
568
581
592
593
579
596
629
629
618
595
584
585
596
577
574
584
602
628
642
628
612
635
664
667
648
625
629
635
657
666
633
618
629
655
678
687
663
640
646
667
689
673
644
645
656
644
614
629
1263
601
579
576
595
628
651
632
624
641
665
659
647
645
662
675
651
648
653
677
673
646
646
655
668
655
630
621
636
652
632
614
607
604
618
601
599
623
656
648
630
644
683
704
702
660
663
698
737
714
683
694
714
726
688
665
683
701
734
708
686
697
731
768
723
692
719
736
715
677
660
664
759
764
745
690
691
732
765
782
743
729
791
868
921
892
880
905
879
822
801
793
779
756
735
702
720
784
783
739
711
728
773
768
743
734
738
752
740
722
708
729
776
801
779
731
705
728
751
796
774
726
730
743
724
701
693
715
783
795
774
723
764
744
710
688
686
709
731
694
682
693
713
730
744
705
697
740
751
741
712
685
666
706
719
733
725
721
777
779
747
706
702
773
775
779
758
728
717
727
739
741
723
725
745
736
701
672
667
743
710
706
679
677
654
643
642
654
670
668
646
635
639
646
683
733
797
774
693
659
644
648
690
658
654
647
666
696
722
701
710
704
692
676
675
703
717
741
738
720
758
801
812
777
741
788
786
780
755
794
834
856
846
821
792
788
818
831
786
757
788
782
782
748
760
796
814
808
772
729
721
746
736
719
688
700
706
729
706
705
688
688
676
671
660
687
700
732
707
711
729
758
757
736
743
786
801
795
749
727
755
746
747
729
739
769
770
764
732
731
755
771
757
739
724
762
766
749
779
808
809
810
777
778
767
780
786
776
763
798
809
822
805
781
782
779
780
771
732
722
731
777
767
757
778
823
824
796
779
798
811
812
803
775
798
830
856
849
819
822
816
808
796
804
830
863
858
821
808
827
812
800
792
805
792
761
751
758
792
787
780
775
793
807
793
770
771
800
826
813
774
794
790
784
788
753
776
792
807
802
773
755
771
818
827
818
780
778
787
775
768
723
707
690
703
742
739
740
724
738
787
820
826
794
773
799
808
816
