741
756
754
747
739
757
757
744
733
743
751
753
740
755
761
761
744
754
765
758
747
747
756
761
755
758
764
768
752
736
748
754
760
747
741
754
754
752
742
756
756
700
825
754
776
787
787
775
779
796
789
771
771
787
782
771
775
792
794
789
803
799
811
799
777
775
781
792
793
804
782
779
791
794
790
777
785
800
798
783
786
807
804
796
777
790
799
791
771
778
790
787
783
781
799
806
792
780
775
789
807
784
791
807
795
793
785
774
781
784
771
762
767
769
764
741
744
734
735
737
751
742
729
737
740
729
734
750
752
760
746
731
730
739
743
748
739
747
755
744
729
730
741
747
757
777
773
762
748
749
750
754
736
740
749
757
750
756
760
746
752
753
755
739
739
734
742
757
775
778
793
798
803
813
796
780
781
787
788
793
788
771
748
733
730
736
749
750
766
767
783
771
774
774
772
769
766
750
749
757
744
727
717
711
696
695
692
688
684
679
684
694
717
734
744
757
746
755
753
757
736
738
744
750
758
760
756
747
752
741
733
732
742
745
753
749
762
769
779
763
774
772
759
747
749
755
740
743
751
758
773
756
757
757
753
753
762
767
776
778
775
777
782
785
792
796
804
792
791
785
792
797
807
812
813
795
782
782
774
772
780
776
764
757
750
759
765
770
755
760
767
769
772
756
753
748
733
735
730
734
738
743
737
743
750
739
737
738
739
750
759
745
745
754
761
765
761
745
753
755
758
768
774
762
775
777
781
779
756
744
746
749
741
752
762
758
744
747
753
761
749
737
740
751
763
767
774
767
750
753
756
770
773
771
750
750
762
771
776
777
792
803
809
800
784
789
788
776
774
758
739
742
745
758
768
754
767
770
752
740
743
742
749
753
766
770
784
799
780
800
807
811
782
780
783
780
765
756
755
756
745
756
762
767
767
754
765
765
764
768
771
771
781
793
789
799
805
791
790
789
776
781
777
777
772
764
744
758
761
761
744
753
758
760
769
763
768
776
770
786
793
792
793
782
785
790
800
807
819
830
829
821
828
820
818
826
832
815
818
816
815
812
795
798
791
778
765
762
762
757
751
731
717
710
709
710
709
717
718
721
713
697
695
675
669
662
651
646
646
644
647
649
652
658
663
662
666
670
677
680
683
676
686
689
695
705
723
723
720
713
704
708
707
692
704
707
698
675
685
682
671
662
656
652
642
638
635
634
627
622
618
617
615
615
609
611
612
608
604
608
611
610
614
611
607
610
608
601
601
598
603
605
602
597
603
606
606
606
604
606
607
604
601
604
605
599
602
601
598
598
601
604
599
597
601
600
596
597
596
603
599
598
599
598
599
603
603
602
602
601
601
590
586
584
581
583
583
577
581
580
583
582
580
578
581
580
578
574
574
575
575
573
568
567
567
566
560
559
561
558
559
554
552
550
554
554
549
548
550
551
545
545
545
545
545
542
542
540
546
544
541
539
542
542
537
538
538
541
535
536
536
536
534
537
534
538
536
535
538
538
536
534
533
532
532
531
532
531
533
537
540
538
543
546
538
535
537
536
538
532
530
528
528
527
524
524
521
518
518
516
519
517
513
514
513
515
510
509
509
511
512
507
508
508
511
506
507
507
510
507
507
506
508
508
511
510
505
506
506
508
512
506
507
505
510
513
520
524
522
521
523
529
528
526
526
531
528
534
535
536
535
548
550
545
545
546
553
560
553
554
557
568
575
575
570
582
599
592
588
599
609
601
598
608
622
615
603
610
623
624
621
606
605
615
619
609
604
618
627
633
634
623
621
604
606
606
614
606
599
606
614
603
596
600
607
618
621
626
626
614
620
636
640
623
626
644
644
653
643
633
645
644
653
644
640
645
631
627
638
646
643
641
635
624
625
633
643
638
644
638
653
651
646
638
623
620
620
615
613
620
623
628
632
637
632
637
648
648
647
643
632
620
616
629
629
624
642
628
623
638
642
648
652
633
644
651
642
629
637
652
663
651
640
651
664
655
662
673
683
699
710
712
705
679
666
670
678
706
683
690
680
692
688
688
687
676
652
648
650
689
701
689
681
681
707
741
698
686
698
702
693
679
692
703
705
698
693
690
699
693
680
676
688
672
653
658
676
689
680
666
674
685
697
689
669
656
655
659
669
684
716
704
731
726
729
709
686
683
691
693
670
666
673
685
720
703
717
724
719
696
684
685
688
695
672
673
684
713
692
679
688
706
710
719
718
718
704
688
692
693
696
686
687
688
688
683
673
653
654
667
682
707
681
706
687
698
678
658
664
662
668
694
681
685
693
697
684
683
680
687
685
678
673
667
652
644
648
656
674
677
675
663
691
695
685
690
716
716
713
715
710
696
683
682
680
677
671
666
659
655
662
665
655
658
671
721
722
711
702
706
744
736
735
708
712
730
727
720
714
710
709
696
687
690
700
708
713
718
712
696
698
697
707
719
725
729
725
706
707
708
706
702
701
710
715
728
738
740
741
727
713
713
717
720
736
750
753
737
726
719
715
716
716
723
731
740
745
736
715
714
711
709
706
701
701
710
716
712
719
722
727
714
706
711
706
703
708
708
700
693
692
694
696
690
681
686
685
690
696
706
710
700
695
693
693
691
688
682
676
682
688
697
699
699
703
702
700
697
692
692
690
693
686
679
680
685
688
696
698
690
687
685
688
692
700
704
705
695
690
688
691
692
694
676
676
680
679
688
697
703
712
722
735
737
730
725
727
713
701
698
694
692
701
698
698
704
697
696
696
704
701
704
712
719
714
707
719
718
717
719
707
714
716
719
716
729
728
734
728
719
719
721
717
715
722
717
714
720
724
714
717
728
725
722
718
725
727
727
715
719
723
722
729
726
717
722
723
721
726
727
715
711
717
712
703