831
849
872
868
885
904
898
881
880
874
878
858
862
846
851
849
876
876
872
878
912
900
905
919
933
905
904
910
938
912
910
913
942
920
937
919
938
915
929
930
934
906
900
935
905
902
906
917
902
896
916
907
887
889
916
909
896
916
937
920
942
952
931
914
927
924
913
914
935
916
926
921
928
905
893
910
901
894
896
916
908
896
923
895
881
920
913
897
900
911
894
899
912
896
894
894
906
892
890
893
880
881
887
904
888
893
903
905
901
912
919
895
890
890
889
869
877
882
895
885
897
902
904
892
909
916
896
878
881
867
861
863
890
909
895
898
902
890
896
898
875
876
890
885
876
878
889
878
881
893
896
881
882
889
891
883
897
904
895
889
903
907
891
895
902
899
898
907
906
892
897
900
914
891
899
910
901
893
899
904
888
889
896
896
879
886
896
894
886
893
914
914
896
906
903
888
900
900
896
880
887
880
866
870
876
868
849
849
1726
858
862
874
870
873
880
895
902
896
903
905
896
908
918
916
909
919
912
896
896
904
901
877
893
895
892
879
884
889
877
884
889
887
881
888
900
894
893
904
897
888
896
919
917
895
905
910
936
911
907
909
906
888
889
896
899
881
880
891
890
877
881
887
875
886
886
892
878
899
906
885
883
888
895
887
896
909
901
889
894
910
898
902
915
933
921
926
916
911
897
917
906
912
906
916
909
899
890
897
896
880
879
891
898
880
882
891
891
898
896
892
882
895
890
871
870
865
853
856
840
840
834
842
845
838
854
867
860
870
881
881
861
852
854
862
857
868
838
847
854
854
849
863
866
872
855
861
863
868
870
875
869
875
837
839
832
837
842
844
862
885
896
883
887
894
887
886
884
887
875
856
856
857
858
853
836
843
844
854
858
869
869
868
857
858
860
862
851
855
856
871
863
891
902
885
877
888
866
875
877
864
881
874
854
859
852
860
855
856
867
838
825
820
808
798
789
771
767
755
747
728
728
559
872
405
297
690
274
415
679
674
1227
1433
652
632
634
557
610
563
571
420
351
617
598
254
351
597
596
588
267
325
582
571
567
563
555
549
554
544
1085
545
537
534
533
524
528
523
1045
518
518
513
514
512
504
506
506
504
506
504
497
1507
498
494
497
1480
492
491
491
981
487
480
500
490
484
485
485
486
481
963
483
483
403
558
479
253
707
958
476
477
477
477
448
501
479
481
470
480
475
477
473
472
476
474
945
471
469
469
474
473
475
473
469
471
470
938
469
469
466
468
469
467
471
468
467
465
469
459
469
468
461
471
462
466
462
463
468
464
462
922
465
460
403
527
476
460
463
462
465
462
461
465
454
463
463
464
462
460
463
462
457
463
463
462
457
462
458
462
464
460
463
459
463
462
463
460
392
525
472
459
466
463
461
459
463
465
457
464
463
460
459
464
459
461
464
925
462
463
405
515
466
460
461
457
462
456
461
458
390
538
472
460
456
458
457
457
457
414
496
449
465
458
459
455
455
460
458
457
448
480
466
464
464
471
473
474
475
475
479
490
493
487
495
491
510
519
517
508
508
509
510
521
509
509
511
517
518
534
521
520
521
521
527
525
518
519
516
529
374
748
559
339
707
537
530
543
546
543
530
532
536
553
550
551
545
538
548
559
555
548
542
544
556
558
552
544
541
553
557
553
546
545
532
553
556
567
566
561
536
581
569
435
694
575
554
562
570
581
579
576
570
567
579
591
590
588
581
579
577
585
596
595
592
586
577
589
603
606
604
590
1211
609
600
593
588
605
614
608
405
1416
621
604
595
604
622
613
602
608
626
623
604
605
608
615
607
604
613
604
613
656
665
652
636
499
766
620
607
606
608
604
604
602
614
605
597
590
492
696
603
597
595
597
604
662
656
650
647
655
638
627
1242
619
618
620
624
638
634
632
639
646
658
653
647
656
667
667
656
653
670
662
654
657
663
672
670
674
682
971
945
702
669
1272
625
613
646
641
647
657
653
645
648
661
670
685
704
685
686
683
688
695
688
681
671
664
669
676
673
663
1331
675
664
655
646
643
659
681
675
660
656
656
659
672
693
678
677
674
661
654
638
634
630
651
662
662
652
554
733
666
604
720
661
659
660
682
686
682
682
690
695
688
678
669
692
690
684
693
689
683
682
701
704
698
691
698
718
712
701
699
716
716
709
698
699
713
712
705
698
704
712
704
696
698
717
708
701
693
711
714
701
691
693
712
714
701
693
707
718
706
696
695
716
715
707
699
706
723
722
707
699
719
718
706
701
701
688
684
670
662
683
682
668
661
679
675
669
660
678
685
683
678
666
693
699
699
690
687
703
704
696
690
719
721
716
710
730
731
726
720
723
739
732
726
721
742
1255
926
735
725
732
733
729
728
744
746
733
753
722
739
733
740
756
759
745
733
751
736
720
729
737
729
722
731
739
731
722
739
736
729
728
737
732
723
737
735
721
739
733
722
722
729
730
723
718
711
728
728
719
715
729
724
714
710
718
714
703
710
725
719
704
723
711
701
701
694
691
689
696
691
677
682
674
687
694
711
686
695
703
702
705
700
698
698
688
699
695
703
697
708
696
716
691
706
705
706
691
698
1408
723
706
709
722
714
709
696
718
718
712
715
720
728
730
732
739
725
732
724
726
723
716
708
708
710
706
699
686
698
699
695
689
689
697
714
714
717
711
706
711
715
706
698
492
928
728
709
703
725
727
721
711
721
734
727
728
731
736
737
728
719
721
731
723
719
715
730
724
721
725
732
732
750
744
736
735
747
739
729
744
740
734
727
752
749
743
733
761
753
