956
952
951
955
960
968
1912
964
980
1935
966
964
1910
947
950
948
936
938
947
960
951
1917
958
944
945
957
975
958
955
968
976
997
994
999
1033
1042
1011
1020
1033
1037
1027
1014
1033
1034
1051
1027
1016
1029
1032
1019
1007
1006
1003
1001
1008
993
1011
1018
1021
1012
1005
1019
1041
1021
1012
1031
1034
1038
1028
1022
1029
1045
1017
1010
1021
1026
1030
1009
1002
1007
1011
1021
1020
1005
1004
1009
1022
1023
1004
1003
1003
1010
1008
992
997
1004
1001
997
984
995
989
985
945
946
988
1019
996
996
998
994
988
980
992
995
994
986
991
1005
1014
999
1002
1008
1012
1021
1013
991
987
993
995
1009
1132
844
980
989
996
978
989
1016
1012
1013
1006
1127
916
986
680
1292
988
614
478
859
964
980
1920
980
985
976
977
981
994
1000
982
1001
1026
1019
1008
1013
1011
1006
1012
1024
1034
1030
1036
1036
1039
1023
1026
1037
1041
1027
1036
1042
1033
1011
1029
1040
1058
1038
1039
1050
1060
1041
1044
1067
1062
1051
1035
1054
1056
1062
1143
928
1004
965
985
1085
1051
1049
1061
1038
1027
1035
1044
1061
1134
965
1046
1151
952
1028
1017
995
1041
1067
1053
1027
1015
1007
1009
1009
1005
1019
1012
973
956
972
1027
1035
1034
1014
1005
1015
1013
1020
1011
1008
999
1005
1006
958
964
1006
1016
1013
1011
1015
1007
991
998
976
974
968
917
899
899
883
923
953
977
990
995
1005
989
1005
1014
1023
1028
1062
1060
1049
1041
1073
1084
1073
1108
1071
1083
1085
1080
1085
1083
1079
1063
1072
1083
1075
1067
1040
1009
1182
1099
1181
924
1022
993
1910
1042
1009
1006
997
1003
996
959
950
993
1020
1016
1042
1057
1033
1049
1057
1043
1042
1041
1016
986
1101
1089
1076
1047
1046
1051
1054
1052
1069
1057
1043
1061
1062
1055
989
1022
1127
1112
1062
1056
1066
1071
1044
1030
1034
987
1049
1075
1071
1148
951
974
976
963
958
933
930
902
889
874
1718
854
877
876
918
1857
900
891
871
856
841
827
806
813
806
1636
865
846
857
855
851
833
825
841
809
792
805
808
845
1682
851
837
833
825
812
799
780
799
800
807
789
809
852
836
1665
824
813
812
807
791
790
789
813
825
824
826
826
821
822
828
813
809
803
785
788
796
819
845
832
825
833
1632
823
810
791
798
785
791
811
795
836
816
814
810
820
818
810
816
804
784
783
779
771
799
788
809
801
798
793
803
798
797
791
800
797
789
792
801
786
789
792
797
774
794
791
784
773
793
765
769
766
783
801
788
782
794
780
788
789
783
784
793
777
793
787
776
776
792
771
781
777
776
761
775
770
765
774
766
705
805
811
761
766
767
747
784
762
756
780
784
773
773
771
797
789
814
814
825
840
831
837
819
844
867
851
845
873
902
1767
855
868
882
886
858
828
854
867
869
894
1804
906
896
876
881
885
880
868
854
876
872
864
847
829
843
817
813
814
825
842
845
814
824
844
850
1688
850
843
844
834
839
841
838
847
846
1710
852
851
847
859
859
870
1738
869
858
839
829
820
808
828
819
832
831
836
1672
850
884
882
880
1755
873
865
867
869
1727
867
852
850
850
1658
806
816
812
815
803
817
819
829
863
872
878
875
880
1781
883
881
893
885
885
1790
895
883
1785
902
899
1786
896
904
1791
888
895
1776
860
845
837
856
837
870
905
935
938
936
943
945
951
956
968
959
945
947
940
929
931
940
957
952
936
934
944
954
943
946
964
969
958
961
972
987
959
963
959
967
950
958
956
949
1828
925
951
955
957
963
979
942
948
955
956
940
934
1791
882
882
885
916
940
943
952
961
979
979
971
992
999
971
975
988
934
916
925
976
989
988
986
987
999
986
979
979
985
965
970
978
973
938
917
937
970
987
985
998
998
985
985
1003
994
1947
969
978
972
956
958
962
916
914
937
990
989
989
990
968
962
971
945
952
962
969
926
531
478
839
984
979
984
983
987
974
964
972
956
958
954
959
954
951
938
930
951
986
1005
1017
1006
980
979
984
989
981
936
920
947
999
999
985
981
982
982
960
965
970
969
964
930
913
943
979
970
971
974
969
980
974
963
982
987
962
928
941
1000
1017
1007
1002
994
978
978
987
991
991
985
992
990
949
941
960
1010
1015
1013
1001
1006
1012
1010
987
980
969
945
916
926
997
989
967
978
988
981
969
969
975
971
927
919
947
994
997
988
987
985
993
973
978
994
997
990
988
988
987
980
938
905
894
905
950
949
949
943
926
927
917
898
892
905
975
986
996
977
986
