848
821
832
860
855
849
831
843
844
856
825
800
821
829
799
789
796
832
842
816
798
837
855
854
815
836
848
876
852
827
858
871
864
834
839
874
876
862
828
836
837
854
827
808
840
845
858
835
828
851
847
841
811
802
820
838
837
802
810
831
816
788
779
816
830
800
784
812
790
803
808
786
771
791
811
813
795
814
850
867
844
849
876
893
874
840
873
876
880
855
841
880
884
888
851
868
860
869
857
828
838
862
872
877
847
854
868
851
873
892
891
868
872
891
897
854
871
845
821
832
850
856
844
828
863
876
876
837
839
871
862
853
827
851
861
875
855
845
880
898
891
858
847
871
869
876
852
839
870
885
879
854
849
873
879
875
846
840
870
865
873
844
847
870
894
867
843
828
846
854
865
838
829
864
869
857
834
841
835
851
824
812
849
856
858
838
837
874
864
862
819
846
855
846
835
833
868
886
864
839
875
881
863
837
857
882
876
870
843
873
887
890
854
845
870
874
879
842
832
873
884
892
875
873
890
896
897
858
841
858
867
848
815
831
867
877
893
863
868
901
910
897
870
843
869
876
868
859
838
854
871
889
883
856
864
878
877
886
878
852
852
867
888
882
851
827
864
884
863
853
832
843
848
825
792
782
807
812
823
845
851
856
833
857
858
840
834
832
850
851
874
867
848
824
824
799
798
782
777
767
758
772
771
761
756
763
777
770
752
756
763
770
765
746
760
757
754
742
741
760
764
766
751
761
776
792
798
804
804
797
770
769
779
784
794
791
780
789
813
811
826
853
848
828
814
799
782
781
774
771
771
789
787
782
817
834
842
828
816
849
825
845
802
787
808
816
833
820
808
836
839
833
829
811
845
855
871
853
854
860
861
854
815
807
811
790
767
781
798
780
796
808
808
793
836
857
870
866
849
871
874
883
885
859
863
888
894
897
866
880
886
892
893
887
879
896
902
905
885
869
892
888
884
875
854
869
880
888
882
855
848
883
882
881
849
828
826
817
804
795
801
835
848
837
834
857
887
886
882
855
835
885
891
896
855
819
848
859
859
830
820
789
786
771
765
728
720
711
704
694
681
680
674
673
655
654
651
646
638
637
633
639
637
633
637
643
637
635
638
637
637
630
630
626
631
620
618
617
619
619
621
616
621
615
611
614
613
607
601
598
600
601
593
595
597
596
587
589
587
581
575
573
578
574
570
566
572
564
561
555
557
552
547
548
551
547
544
541
546
545
545
544
560
553
552
548
546
551
543
542
541
545
546
552
547
549
548
550
544
547
549
543
543
543
544
541
541
535
539
538
540
537
536
532
535
541
536
547
542
548
543
538
541
542
548
543
548
548
552
551
546
546
547
539
536
540
535
530
530
535
531
526
523
535
524
522
521
522
520
514
516
515
515
511
513
514
513
509
504
511
506
505
501
503
502
497
494
495
498
498
496
493
494
504
493
493
493
499
496
494
490
493
493
494
489
494
493
490
489
490
488
487
488
489
488
487
485
486
494
491
489
485
486
488
490
484
484
490
487
483
485
490
486
484
481
486
485
484
479
484
482
485
482
484
489
490
505
498
503
508
504
501
504
501
502
500
502
503
506
504
504
509
514
515
514
513
518
519
521
516
518
519
520
521
520
522
523
527
529
523
526
526
533
539
532
540
551
555
565
565
563
569
572
565
569
576
581
583
595
579
577
577
575
566
565
563
563
565
565
564
569
568
568
569
569
577
580
573
572
571
575
573
579
578
590
592
594
594
596
611
621
611
608
607
613
622
631
629
630
628
647
643
628
636
646
662
655
641
646
667
672
674
654
657
667
668
681
670
667
656
648
658
681
690
854
924
915
865
821
819
757
680
688
690
939
882
839
867
843
769
702
668
662
650
664
696
724
710
722
777
843
751
715
741
733
718
687
684
690
688
704
731
733
756
797
777
757
803
822
746
763
745
710
708
723
725
710
690
701
704
708
722
740
747
777
751
732
710
704
722
729
747
812
794
788
755
757
808
784
754
718
694
703
711
716
709
715
739
783
806
763
762
779
790
770
767
757
791
788
742
739
770
807
807
772
779
816
828
812
794
789
797
807
781
768
782
797
809
787
770
778
809
807
781
792
763
774
792
788
769
783
773
768
756
751
777
798
773
764
785
780
802
813
789
807
799
801
777
770
746
738
740
757
785
769
758
773
819
838
822
791
811
831
818
787
790
800
800
803
786
788
808
824
799
771
780
785
789
782
765
770
786
777
784
770
766
787
788
793
775
773
785
796
785
761
753
773
771
784
767
754
760
762
749
741
761
781
788
778
793
792
776
785
793
799
792
768
782
798
811
806
792
780
804
810
798
778
778
779
764
769
773
798
821
837
819
828
794
814
798
792
766
774
778
793
793
783
807
814
798
789
801
824
807
795
803
790
806
789
792
790
803
778
773
755
751
748
753
750
783
805
821
837
811
807
815
823
819
797
796
808
811
801
808
796
795
795
796
781
762
769
756
756
771
791
808
809
792
800
789
802
825
813
807
790
770
768
771
780
770
777
796
826
828
827
802
796
776
754
753
769
778
785
769
793
812
811
797
788
799
798
803
783
780
785
802
794
807
808
805
806
804
792
765
757
748
764
771
766
759
789
813
825
831
808
803
789
783
775
755
746
780
793
807
829
814
836
855
861
866
837
822
808
800
777
759
741
750
771
781
768
775
819
851
855
829
837
865
863
859
831
854
851
851
852
826
835
823
808
816
831
824
814
813
848
843
834
812
835
840
853
867
854
846
849
852
856
870
830
827
833
835
827
818
804
811
822
819
801
815
795
787
797
796
792
793
778
757
752
760
779
793
808
840
827
854
819
826
805
787
791
783
788
804
818
851
861
851
864
859
848
815
816
810
801
800
777
787
785
790
