857
871
874
878
866
855
852
839
826
829
820
822
843
854
848
844
860
856
850
835
848
848
836
832
844
838
838
849
854
845
856
856
846
855
856
845
835
847
837
821
835
819
820
817
814
812
807
821
837
834
870
876
866
891
895
880
889
883
885
866
887
883
902
904
897
914
904
904
902
898
909
907
888
894
886
863
866
861
841
865
853
846
858
855
856
872
868
865
878
874
872
896
887
896
914
892
906
917
914
896
905
896
887
879
893
891
884
868
890
895
891
882
896
900
881
889
892
888
874
883
897
884
878
881
884
878
886
899
895
881
898
891
887
874
866
882
876
867
876
880
883
878
886
886
884
879
886
906
901
894
924
918
910
919
931
925
911
921
930
910
913
925
927
917
908
918
915
917
901
909
907
893
886
890
893
896
882
894
902
896
888
894
903
901
890
900
905
904
899
894
899
889
881
906
916
919
912
932
940
925
915
929
932
923
910
920
933
924
907
919
916
920
908
911
922
926
938
921
934
938
934
922
937
934
927
921
934
938
936
925
923
932
931
919
923
933
928
906
918
914
912
890
895
891
902
877
877
871
857
850
903
859
870
897
937
917
931
931
948
955
941
961
962
955
937
957
959
961
936
957
952
945
938
938
949
932
915
922
931
927
914
923
921
926
915
937
939
941
921
944
944
946
949
953
952
964
937
938
937
937
920
917
940
954
968
960
951
948
932
924
914
932
925
913
926
938
939
941
943
963
971
956
941
959
970
959
942
952
950
949
934
923
938
919
916
898
904
911
909
913
972
929
955
946
959
951
929
927
943
932
921
920
920
921
914
910
923
918
926
913
932
934
926
915
903
918
916
908
894
925
934
938
921
930
932
934
912
928
942
955
945
939
952
989
934
940
951
967
957
951
979
963
973
946
963
964
976
953
958
966
964
958
936
956
967
956
947
961
971
983
966
939
937
914
900
926
904
851
819
814
778
767
772
770
767
765
769
755
759
747
750
741
740
725
717
704
707
695
690
684
681
679
659
670
660
675
663
672
663
666
663
656
646
644
640
637
640
633
639
627
628
625
616
621
611
615
612
616
605
614
611
604
607
606
610
599
608
602
601
603
603
603
598
604
600
595
607
599
601
599
599
602
598
599
603
603
596
603
606
599
601
604
597
592
597
606
591
601
595
587
589
598
594
587
597
584
589
588
586
587
578
587
578
574
576
575
577
563
580
569
566
573
567
567
567
565
563
560
570
563
563
550
566
561
559
551
561
559
558
550
566
557
550
557
555
560
543
563
553
549
544
554
552
540
559
547
541
556
545
549
547
548
543
541
554
536
556
547
533
559
541
538
548
541
530
552
544
530
549
544
535
537
543
546
529
550
547
529
552
543
527
550
538
533
547
550
542
548
538
546
554
541
538
552
547
547
551
542
551
554
539
563
552
544
558
549
543
553
552
544
551
546
552
567
551
560
534
570
551
557
565
562
552
571
576
583
580
587
599
601
604
610
605
589
618
621
609
598
635
622
599
641
640
625
629
639
632
635
642
639
632
640
628
627
632
626
622
625
633
644
642
646
657
661
662
665
671
670
661
659
655
664
680
685
685
706
704
708
716
732
737
733
749
756
751
748
776
774
788
797
782
770
780
802
789
803
825
812
809
820
797
806
825
829
821
839
835
833
840
838
822
833
844
823
831
853
839
851
879
846
857
879
849
843
867
857
857
875
870
859
887
869
876
882
864
889
881
874
901
906
895
919
922
896
924
923
895
911
908
889
912
924
915
921
940
928
900
917
897
878
901
916
907
931
943
942
925
943
934
920
940
936
926
955
957
931
961
947
921
941
940
915
933
926
905
936
924
912
942
933
914
939
931
907
939
924
897
925
933
937
935
948
946
946
915
940
926
901
911
926
916
949
953
951
965
953
937
900
946
943
944
948
946
940
931
943
944
942
942
934
946
957
954
953
975
981
994
960
948
962
961
930
963
955
933
945
961
946
939
958
951
948
967
960
938
952
951
936
936
947
944
938
957
939
922
938
933
924
938
945
935
956
963
948
941
965
962
950
953
966
942
938
944
938
928
948
951
935
930
950
942
930
936
947
957
938
950
950
945
923
940
938
929
917
940
930
914
938
948
946
933
953
954
952
939
958
957
927
932
944
937
927
943
950
941
945
948
951
949
938
940
942
942
921
935
942
930
912
952
962
954
946
956
965
971
952
924
938
926
917
946
936
923
945
949
941
937
965
969
969
954
973
981
979
973
990
988
987
975
979
976
976
947
965
973
971
941
956
962
966
961
960
979
981
951
976
975
975
949
981
999
971
949
965
964
948
966
985
988
979
972
987
981
984
960
981
981
960
971
975
966
948
961
966
970
947
961
963
962
929
951
957
951
938
953
965
962
926
972
958
967
950
951
