798
820
853
852
834
823
833
858
862
875
896
897
896
890
898
890
894
900
880
865
865
854
873
896
904
907
924
901
905
902
882
887
883
909
892
894
857
871
871
886
867
854
856
862
865
888
866
895
885
917
896
921
906
886
906
903
892
911
919
897
886
912
931
900
905
913
914
898
908
916
915
895
911
900
892
891
892
903
920
920
904
892
900
902
908
926
923
934
938
940
949
943
933
918
922
915
919
920
921
938
915
911
917
912
920
931
932
936
938
953
926
921
932
924
927
926
913
917
899
903
908
879
887
875
877
885
883
873
848
840
844
840
847
867
893
890
890
882
886
893
885
897
889
896
908
929
924
910
891
883
880
877
874
885
893
886
874
897
907
916
912
874
872
872
864
838
843
855
863
856
878
888
886
869
847
824
841
865
871
881
897
901
897
889
884
897
908
922
925
930
924
926
929
925
899
890
892
889
897
882
867
853
841
850
868
886
908
932
927
905
900
895
889
881
896
888
902
908
892
877
881
889
895
881
892
902
892
905
896
900
892
908
903
906
915
902
894
896
915
921
930
946
952
938
927
905
912
914
924
923
915
869
869
875
886
903
912
924
925
915
912
928
927
938
926
918
882
896
886
869
873
884
902
870
864
881
865
858
801
842
853
854
840
858
893
895
898
890
885
892
896
878
904
893
889
896
891
897
906
901
911
900
892
896
896
896
870
872
865
875
878
876
890
875
892
887
894
896
880
893
884
882
887
882
891
875
873
864
844
850
862
876
890
868
922
911
907
886
886
908
896
899
885
903
898
895
886
896
892
911
893
899
908
921
918
932
928
941
933
920
938
930
910
911
916
918
906
921
914
907
927
903
913
907
916
897
909
895
909
895
901
905
880
891
893
867
886
887
892
897
746
1018
911
896
902
899
910
925
915
918
901
921
923
922
912
916
923
899
911
910
913
905
943
916
916
920
912
904
860
829
799
784
769
760
778
791
804
780
757
754
744
728
726
726
718
718
711
715
715
712
698
697
694
688
677
674
676
678
675
678
674
665
658
668
673
664
665
658
655
660
663
662
660
656
652
653
650
646
648
655
653
653
650
647
647
643
646
640
639
637
631
632
629
622
624
623
621
616
614
614
612
607
605
606
603
600
597
598
595
592
593
587
585
585
581
580
577
577
577
575
573
573
571
567
569
567
566
563
559
563
562
556
555
559
555
551
552
548
547
547
543
539
543
540
538
539
536
534
533
534
531
532
527
530
525
529
523
524
526
1045
521
521
521
520
521
521
517
521
517
515
517
518
515
514
516
513
516
513
514
513
510
511
512
510
513
509
510
511
510
510
510
512
510
507
511
509
510
508
511
510
512
510
509
509
508
510
509
507
509
507
507
509
506
509
508
508
508
505
507
506
505
504
508
504
502
504
503
504
500
502
502
501
500
501
497
500
497
497
497
503
499
503
501
503
505
505
508
508
509
513
437
586
519
518
521
529
532
529
531
543
544
541
554
548
555
562
562
564
568
551
553
557
553
549
551
548
551
547
549
554
552
552
558
563
563
578
610
576
575
597
634
571
653
660
667
669
672
616
648
644
639
681
653
641
631
609
607
624
625
614
611
615
606
610
646
631
628
649
671
643
635
659
652
635
633
640
637
634
619
611
612
615
616
611
621
629
631
619
618
630
629
637
622
620
631
628
628
643
642
667
658
652
668
669
664
674
676
664
652
663
670
662
644
630
629
632
629
620
632
646
650
657
657
651
672
670
669
658
668
655
636
643
653
648
658
697
680
695
719
721
732
729
702
711
704
694
688
686
670
661
664
666
677
695
687
695
688
705
702
690
700
700
678
666
669
682
693
685
685
697
700
733
753
703
686
686
687
691
696
708
692
694
703
701
705
696
687
691
669
665
667
676
694
700
714
742
739
743
742
733
730
715
713
718
723
749
740
714
693
688
698
709
718
739
748
727
722
732
735
749
768
765
753
781
760
744
750
749
733
722
723
723
726
729
735
725
714
707
702
708
712
715
716
717
716
722
714
725
721
723
726
709
700
696
689
703
729
726
730
728
744
758
783
824
836
859
872
887
910
941
949
909
871
837
827
830
833
825
834
856
880
869
879
852
792
790
797
796
793
803
799
782
776
778
794
813
829
845
893
890
868
841
816
821
835
832
816
787
782
797
815
823
826
853
862
846
829
838
813
818
840
838
841
851
831
801
783
795
800
828
856
864
905
902
894
892
888
885
877
872
887
903
886
867
872
862
839
834
836
838
835
838
808
829
839
847
841
844
851
854
864
882
836
839
842
851
845
823
816
816
815
818
806
808
824
831
827
834
818
825
847
862
858
853
853
868
864
846
837
839
831
827
844
855
867
877
863
874
888
868
840
842
857
866
869
876
867
857
863
875
868
859
857
861
852
830
804
821
887
943
932
927
905
891
885
882
891
890
873
867
876
881
861
850
833
838
831
834
833
836
850
852
855
874
871
853
860
881
899
886
879
879
873
872
860
856
852
856
854
855
859
867
872
870
876
889
887
880
876
880
861
861
861
870
856
