767
757
776
801
816
800
788
791
794
787
773
773
784
785
782
778
786
792
780
772
780
790
800
789
776
774
779
770
756
761
771
773
760
761
765
766
763
752
759
766
771
771
762
767
1544
760
743
741
729
735
744
759
756
750
759
769
769
763
765
774
782
785
784
779
775
768
758
754
759
1510
759
749
755
757
765
753
729
720
721
729
746
747
736
746
758
772
773
762
771
774
780
772
755
760
773
773
769
778
774
769
766
756
755
751
744
749
756
761
750
744
746
759
746
735
737
747
754
747
749
758
768
764
755
766
771
776
1544
771
769
779
779
772
783
1582
778
771
778
778
781
778
786
786
783
772
772
779
786
781
775
783
778
775
776
775
778
771
765
761
772
779
773
780
792
780
765
769
772
1564
784
771
773
759
756
757
756
753
746
750
753
759
759
753
756
756
746
737
732
732
734
726
724
727
738
739
739
733
734
735
729
730
733
737
738
730
729
728
729
735
734
736
738
741
737
725
729
725
720
712
707
703
701
699
697
692
695
709
720
723
728
730
733
734
720
729
721
721
717
718
718
721
720
720
718
724
732
728
728
727
727
728
724
729
734
735
732
729
724
730
738
736
733
735
740
749
754
759
772
775
773
771
770
776
777
768
764
764
761
753
742
741
744
730
729
731
735
728
727
721
722
720
713
711
709
721
726
729
725
729
727
728
730
733
727
725
727
732
747
749
758
758
763
755
749
744
746
746
734
729
725
721
721
726
724
730
737
732
731
726
727
731
728
728
730
743
756
762
789
806
810
792
783
784
786
778
770
771
774
772
766
767
765
771
750
746
753
760
767
756
749
754
762
755
751
744
750
746
741
744
746
756
749
745
737
747
753
744
743
746
744
745
735
734
729
733
747
747
742
748
744
747
740
747
735
727
712
703
716
729
737
741
741
767
769
756
746
726
717
723
726
740
733
732
735
739
750
757
758
754
756
750
750
752
749
742
738
731
729
721
706
706
702
697
699
699
709
723
751
762
782
797
814
801
789
805
812
809
806
816
826
831
815
803
800
795
788
771
762
760
758
757
764
783
786
769
778
790
787
774
778
794
794
783
789
802
795
789
783
765
759
754
736
731
729
715
702
700
697
694
694
682
688
687
688
686
678
677
670
679
673
674
672
678
680
687
686
692
691
688
1392
679
682
680
677
679
669
659
665
664
657
644
646
642
644
652
650
653
650
655
649
652
652
657
660
661
661
660
661
658
657
659
651
652
645
646
646
638
640
648
646
651
655
656
661
658
652
656
660
653
657
659
658
662
663
663
665
660
662
656
646
645
648
639
640
637
637
634
634
638
632
631
632
635
629
626
632
627
622
619
613
617
608
607
601
605
607
600
603
603
607
612
612
617
615
619
615
627
630
629
634
630
636
635
640
645
639
640
634
636
636
629
632
624
622
614
618
623
617
625
626
624
621
623
626
628
631
629
631
624
626
626
626
630
630
635
635
635
634
630
630
631
623
623
628
629
623
626
624
622
622
620
619
617
619
620
631
632
632
636
631
630
622
622
621
618
621
615
625
637
651
651
662
666
675
700
701
695
687
697
725
730
717
729
743
752
734
736
742
731
715
708
710
721
728
724
713
711
717
724
712
712
717
725
720
718
717
716
704
705
708
698
694
701
709
709
706
704
702
707
707
715
731
737
731
730
742
746
731
728
738
750
739
730
745
764
750
738
719
709
709
702
698
697
694
688
672
667
667
665
661
657
651
650
643
639
628
621
618
612
607
605
599
601
598
593
593
597
599
597
600
603
604
597
600
619
639
665
702
757
722
710
713
717
700
696
697
694
689
692
688
682
685
696
696
691
686
686
688
691
684
676
672
655
654
658
661
660
660
670
683
681
688
694
701
704
704
704
708
711
713
718
730
729
729
725
727
728
720
720
722
720
713
711
720
733
735
733
740
750
737
733
725
721
718
712
705
705
712
719
718
728
736
734
729
724
722
716
703
695
683
669
671
682
692
698
713
723
721
731
752
753
744
736
734
737
732
728
725
725
732
732
724
729
729
736
739
731
732
739
741
729
729
734
737
729
727
722
716
702
700
706
710
709
702
703
711
708
707
701
697
693
692
685
675
674
676
674
677
675
685
701
704
703
709
712
708
707
706
712
716
707
712
709
712
712
707
702
693
689
690
696
690
693
688
693
688
696
705
706
715
724
735
752
745
742
754
746
743
735
729
716
719
720
720
715
714
713
718
725
716
716
720
718
708
708
713
718
714
716
720
726
725
721
729
744
733
727
730
743
745
745
766
772
766
757
758
758
746
733
726
722
720
712
714
714
718
710
708
697
701
711
716
714
719
733
748
751
751
755
759
758
756
766
776
776
766
773
779
771
756
752
755
747
736
734
736
737
736
752
761
758
752
764
769
766
766
778
771
761
757
761
759
750
749
752
761
751
749
759
769
762
758
765
760
764
754
759
762
757
751
750
751
747
742
738
741
738
738
728
727
725
716
711
707
716
718
720
729
731
730
729
731
727
729
734
740
741
737
732
738
748
748
738
738
743
749
746
744
747
1502
741
730
732
742
741
740
729
730
729
731
735
761
772
777
774
785
792
774
762
760
770
764
756
749
747
743
732
725
720
713
711
702
702
700
697
690
684
679
679
687
689
681
681
681
681
679
677
692
712
722
735
755
741
734