772
767
765
778
807
823
813
794
762
744
737
729
754
784
837
829
840
884
862
850
895
888
854
859
835
816
824
842
848
886
929
914
888
900
871
834
840
847
828
843
843
809
779
791
812
853
875
885
929
916
882
875
860
833
803
758
741
749
798
849
885
922
949
938
922
925
920
904
896
873
826
837
831
830
806
780
764
781
813
846
846
891
906
903
864
857
863
833
805
831
858
867
863
886
887
844
805
797
795
793
786
780
763
746
736
735
742
750
751
734
731
754
743
744
752
796
829
856
854
825
816
782
748
721
715
707
716
744
786
813
831
849
841
835
805
794
795
798
800
802
802
790
788
790
802
806
804
794
770
765
771
795
814
815
821
833
830
847
836
830
825
857
876
854
818
794
815
840
858
857
854
845
837
836
822
813
827
847
862
871
869
876
871
852
845
816
791
800
829
847
863
880
883
882
873
846
824
818
818
826
837
841
855
862
858
855
866
846
834
846
862
869
873
863
839
811
777
743
721
709
713
719
710
713
719
742
772
803
823
827
840
837
821
813
836
852
858
864
873
869
850
829
823
813
794
788
806
824
837
831
813
813
849
872
889
888
880
850
821
795
777
749
756
782
803
825
843
858
855
853
858
868
871
899
904
879
861
845
835
813
778
761
762
777
793
818
827
832
834
837
850
851
859
855
825
824
827
829
827
834
851
854
845
842
830
843
844
870
892
887
876
871
834
809
815
826
837
842
847
841
818
787
770
777
792
804
795
790
772
784
801
818
843
876
871
869
854
839
840
830
812
795
790
798
810
813
833
828
847
839
844
853
833
838
842
845
838
828
833
844
837
849
845
847
846
832
822
801
803
798
802
813
808
795
791
801
807
797
791
765
759
753
745
758
777
799
800
813
804
816
811
811
823
834
815
812
823
799
784
792
780
757
768
793
790
787
820
835
840
833
846
826
820
820
835
840
860
883
870
878
857
887
856
840
861
894
871
839
772
738
726
683
664
660
659
650
657
662
648
651
661
653
661
668
658
667
663
659
656
655
649
655
657
656
654
651
648
650
648
649
648
645
646
647
646
650
648
643
645
637
635
636
633
625
626
621
628
629
619
624
624
621
630
621
621
616
632
643
631
634
627
631
626
624
634
621
626
628
627
626
628
617
619
624
616
618
623
611
614
615
620
607
607
604
612
601
602
600
607
610
602
605
604
610
612
610
620
606
608
605
604
604
597
598
588
594
591
592
581
583
580
578
576
574
576
577
577
576
577
578
575
572
578
575
576
576
574
574
573
574
572
572
570
572
570
578
567
569
572
574
564
567
567
571
566
566
569
569
566
571
569
566
567
568
565
565
571
568
567
570
568
566
564
573
563
563
566
566
557
564
566
565
572
568
565
564
563
574
565
566
567
574
563
567
574
562
564
564
568
562
559
558
560
551
562
558
557
558
563
558
563
560
563
560
557
560
559
561
573
567
568
580
568
567
576
571
566
577
574
576
592
594
594
598
601
594
590
598
589
588
586
599
597
600
617
619
612
611
624
618
618
613
613
605
604
604
600
597
595
599
599
615
654
662
651
649
657
647
636
622
622
634
663
668
665
711
744
710
724
800
723
743
716
734
739
728
717
714
706
688
684
724
749
731
719
754
750
727
712
750
763
744
722
752
790
794
745
740
734
706
678
667
650
648
667
715
742
748
727
801
846
889
877
825
809
807
759
733
728
715
743
805
835
876
903
873
879
872
860
880
848
892
899
880
909
896
896
845
825
762
739
747
733
710
766
779
820
905
858
853
874
844
798
806
827
808
820
908
887
879
926
924
873
880
921
914
928
979
938
892
948
968
916
928
917
901
915
842
794
805
773
780
783
766
776
852
915
860
881
930
908
854
888
854
821
807
775
760
804
910
997
1026
1007
989
1000
979
970
957
967
956
965
939
929
952
918
939
932
916
929
904
864
894
895
894
908
874
846
821
837
844
885
889
916
919
911
941
911
925
930
904
891
837
813
821
818
832
891
884
927
939
920
938
887
854
816
835
820
848
856
852
896
896
896
920
883
879
867
825
798
784
805
836
838
895
917
913
951
913
911
858
829
817
830
818
833
858
837
856
894
867
884
875
859
839
800
784
785
800
793
860
873
871
891
890
852
820
782
751
716
700
700
707
714
704
715
748
767
763
782
825
860
840
882
908
895
918
897
898
858
862
889
858
886
896
854
853
871
848
871
904
893
923
916
885
881
891
876
860
868
860
849
824
840
861
850
887
897
876
867
848
803
787
750
748
738
749
775
815
842
824
845
857
838
859
882
867
885
874
862
870
850
834
865
854
838
835
842
829
782
765
747
735
725
722
715
725
715
708
724
751
792
759
804
787
765
771
782
804
813
812
758
814
753
736
727
720
721
726
747
752
741
763
745
746
753
739
725
751
787
762
781
807
800
794
830
853
830
834
852
831
813
834
852
825
825
834
836
826
808
828
827
815
818
819
810
802
812
815
794
790
771
756