749
751
749
751
756
757
756
751
761
765
754
750
758
764
757
754
745
735
730
735
736
737
736
741
752
755
754
753
762
754
754
757
748
760
762
763
753
738
732
730
721
713
703
700
708
709
713
719
721
734
742
748
743
744
754
755
753
748
753
752
742
746
756
762
775
769
759
752
759
754
756
753
748
737
733
740
746
748
750
749
747
755
755
752
753
742
748
740
735
733
738
733
731
729
720
723
722
729
735
740
738
737
736
742
743
743
744
745
748
742
747
743
752
752
749
741
735
730
724
714
708
709
709
714
715
715
726
737
744
748
752
759
764
764
761
756
762
758
757
748
747
747
747
751
741
742
744
739
736
733
737
738
742
742
736
740
744
745
736
736
740
740
736
732
729
738
738
731
733
732
739
740
740
733
732
735
740
734
734
736
741
749
740
742
746
750
750
745
740
744
743
740
736
735
741
740
731
734
737
739
740
734
731
738
738
743
739
739
751
751
743
742
746
753
748
743
738
740
742
741
733
732
729
736
738
738
738
744
747
747
745
744
749
755
746
746
749
754
753
746
744
754
756
750
748
761
763
758
758
761
761
754
752
750
750
748
743
738
734
736
742
741
739
742
743
750
745
748
752
755
754
758
753
756
755
747
744
751
754
751
748
749
758
760
752
751
755
761
768
760
760
766
768
757
750
743
752
753
750
754
747
754
758
756
758
757
765
767
758
751
759
762
758
751
758
769
772
774
769
763
770
772
765
763
766
773
776
777
769
767
767
768
767
761
769
774
775
780
774
771
775
779
781
780
774
779
783
782
773
773
780
781
774
771
774
779
786
770
775
781
785
784
771
771
772
771
764
756
760
760
755
752
751
765
767
769
766
763
771
771
771
758
757
761
764
758
761
767
771
769
761
763
769
767
760
753
754
754
749
737
735
735
733
724
718
720
725
724
720
722
732
733
729
729
730
737
740
729
731
735
740
737
729
729
738
736
736
729
730
733
735
723
721
722
725
725
722
727
729
729
734
726
723
728
731
730
734
729
731
732
723
718
713
724
722
725
722
729
731
734
738
751
756
762
761
755
763
762
762
751
751
754
751
744
742
742
739
737
729
740
740
745
737
747
751
740
726
717
708
692
684
682
665
655
652
646
639
635
630
624
621
618
613
611
608
604
603
597
597
593
591
589
590
589
589
588
589
589
590
587
588
592
591
588
589
591
589
588
590
587
588
583
584
582
579
582
578
581
580
580
582
582
584
585
580
576
578
581
575
578
578
581
574
574
576
572
568
567
568
565
564
565
563
563
559
560
558
557
555
555
554
552
548
549
546
544
540
383
690
541
536
540
538
533
534
532
532
531
528
528
525
527
525
523
524
522
520
519
422
617
521
520
522
521
518
405
633
520
514
514
511
512
509
509
510
508
446
566
508
505
502
508
503
502
503
503
502
499
499
498
499
500
497
501
500
498
496
500
496
496
498
499
499
497
496
496
496
495
495
496
495
492
492
492
492
491
491
491
490
489
488
492
491
487
487
488
484
485
485
485
487
486
485
488
486
483
489
487
485
481
488
487
486
487
486
485
484
488
487
487
483
488
485
487
486
489
485
486
486
489
486
486
483
490
490
487
489
488
489
490
483
490
487
485
489
489
491
489
495
498
492
497
501
502
498
504
503
499
505
505
502
1008
505
498
997
1017
508
507
504
510
515
508
515
511
508
508
517
506
508
510
515
512
512
514
518
519
520
515
521
521
521
513
524
526
526
520
519
523
525
522
520
512
517
519
521
521
515
518
521
527
527
530
526
521
521
526
529
529
530
528
527
529
529
523
527
529
527
524
528
528
524
524
526
523
518
524
522
524
529
527
523
524
531
536
538
537
533
536
541
541
542
539
541
545
547
548
548
548
549
549
554
550
556
552
556
559
560
555
563
563
569
563
560
565
565
562
563
556
556
556
556
555
553
555
555
550
551
555
559
550
556
554
1101
554
554
553
561
565
563
563
408
718
310
811
564
744
379
553
555
549
554
551
547
550
554
558
557
562
567
571
570
564
565
564
562
567
574
581
574
583
587
584
583
584
586
589
586
583
583
587
583
579
587
581
578
578
589
634
1151
580
582
587
587
585
579
576
578
584
591
588
598
598
604
604
594
599
600
599
611
619
618
611
614
620
616
613
622
622
617
620
620
622
621
617
619
615
611
616
614
615
617
611
610
610
609
612
610
610
614
617
623
629
626
615
612
630
635
627
629
628
633
628
629
629
630
631
634
640
644
644
638
645
646
643
648
651
654
658
647
651
649
651
650
652
651
644
640
645
646
643
638
647
647
646
646
643
642
638
631
631
620
614
618
617
622
628
634
643
645
644
638
632
625
623
620
612
611
611
616
619
623
625
627
621
628
626
623
634
637
639
643
651
653
646
640
645
640
634
637
646
640
640
635
628
623
631
629
637
637
638
646
653
660
662
664
665
670
673
675
675
676
682
686
682
682
686
691
695
684
686
688
688
679
677
682
682
686
683
684
685
689
696
693
691
700
703
704
698
700
701
707
702
699
705
709
699
692
695
703
704
698
701
701
710
713
709
705
713
716
705
709
708
699
694
702
702
696
691
696
699
697
689
694
701
704
695
704
704
699
698
698
698
688
687
687
687
695
694
696
703
707
706
703
710
712
713
710
705
708
703
695
696
698
695
692
688
696
701
701
692
696
705
708
708
699
704
707
714
706
700
708
709
707
701
701
706
709
702
705
706
709
706
699
700
705
706
702
702
705
707
709
705
703
707
711
703
699
709
715
704
704
705
704
703
699
701
697
694
689
683
682
684
676
669
663
655
650
646
643
646
655
659
658
664
676
680
685
682
689
694
701
701
706
717
721
717
707
710
713
708
705
709
712
713
703
701
709
708
715
705
713
716
711
708
714
713
714
710
707
707
711
704
705
711
715
706
703
711
716
715
706
709
713
713
709
713
724
725
719
717
719
721
711
704
703
707
703
694
