809
794
790
793
803
804
799
801
818
842
857
856
850
849
854
863
863
862
861
882
873
867
867
895
896
884
890
908
887
884
894
904
885
878
891
916
896
910
911
920
903
894
903
893
872
873
886
885
869
893
907
902
896
894
891
890
890
903
911
880
873
884
886
861
862
883
882
889
901
896
890
889
909
893
883
886
898
891
873
874
888
877
878
881
879
888
903
912
904
911
896
898
887
876
873
839
834
860
888
903
908
903
909
915
897
895
898
906
880
884
889
886
888
877
880
892
898
907
897
889
892
891
881
874
875
882
882
880
878
884
897
876
878
873
879
867
855
855
869
876
867
869
873
885
878
872
873
885
888
868
871
885
891
869
864
865
877
882
872
884
893
904
899
894
891
894
896
867
858
856
847
836
831
828
835
844
834
835
846
854
846
845
846
850
854
838
842
848
851
832
833
829
843
834
830
834
834
841
835
834
833
846
842
834
834
838
852
835
838
842
843
851
848
847
864
877
872
871
868
869
861
846
847
865
865
857
860
854
855
830
828
815
808
814
826
823
834
848
849
856
861
852
856
854
832
830
828
824
814
819
822
829
819
826
830
841
830
826
829
830
823
815
820
828
829
817
820
819
832
836
823
828
836
840
825
829
840
839
820
826
821
834
821
821
823
834
837
831
833
839
845
830
840
849
856
843
840
847
850
839
836
847
855
846
847
850
843
834
839
836
819
799
802
811
817
812
818
826
832
819
815
825
827
835
833
833
831
834
848
853
838
834
846
850
831
830
829
830
817
814
822
829
831
822
826
836
851
831
830
841
838
834
824
831
836
837
838
840
847
838
834
834
843
836
826
824
824
831
818
811
821
824
815
815
817
829
828
819
828
843
838
829
833
840
841
829
833
847
844
832
839
841
832
818
818
828
832
819
825
840
846
829
834
845
845
827
830
831
838
823
822
835
830
821
833
838
850
850
844
840
845
833
810
791
792
796
798
807
815
818
817
824
828
833
824
820
813
811
809
796
789
790
783
776
772
780
771
771
771
775
774
777
779
775
771
775
771
773
759
745
726
728
707
712
698
693
679
686
679
677
680
681
681
689
684
679
674
672
677
676
666
666
664
654
651
647
651
644
641
646
643
642
652
644
633
624
620
609
604
596
590
588
583
577
574
571
566
563
560
554
547
547
540
538
535
532
529
528
526
522
522
516
518
510
513
510
503
502
500
496
493
493
493
493
490
489
488
489
486
485
482
483
483
485
487
484
487
485
483
486
485
482
479
478
479
479
479
479
477
477
481
478
473
472
473
475
472
472
471
469
470
469
466
464
464
466
464
464
458
459
465
459
457
455
457
459
458
457
454
457
455
455
452
450
457
455
453
450
449
452
451
449
446
447
452
448
447
444
443
445
445
446
443
442
439
445
441
440
438
441
443
440
438
438
441
440
439
438
438
441
438
438
435
435
441
439
439
435
436
435
440
437
437
435
437
439
436
436
436
431
434
438
435
432
432
431
438
431
435
430
429
435
432
431
430
427
428
434
430
430
428
425
431
431
430
427
427
427
431
429
428
428
425
432
427
427
427
425
429
427
426
426
423
426
427
427
424
425
423
425
427
426
425
424
423
424
426
426
425
424
423
426
427
423
424
423
425
426
424
424
422
421
427
422
424
423
419
426
422
423
420
421
423
427
422
424
423
421
430
424
424
423
420
426
423
423
423
421
421
424
422
420
422
419
418
423
421
421
419
422
417
424
421
422
420
419
424
843
417
419
422
423
421
421
419
419
422
420
421
417
422
424
424
431
432
434
442
448
450
458
461
468
461
471
475
470
471
464
470
467
468
466
465
466
469
468
468
470
465
471
476
476
475
480
475
485
479
479
482
480
479
476
482
478
482
478
479
486
500
512
517
517
520
516
519
521
519
516
522
522
529
522
524
523
529
517
525
521
526
520
527
526
528
529
530
542
542
534
536
544
549
547
552
544
549
558
562
562
573
585
583
576
575
582
582
571
574
570
589
581
593
604
593
587
588
575
576
582
586
604
604
619
615
630
654
651
635
627
646
632
633
644
632
634
616
617
651
694
699
691
714
728
706
714
726
728
724
733
745
746
743
747
769
777
772
769
779
774
762
772
774
766
758
740
725
716
695
688
675
655
623
610
599
589
587
582
574
578
577
580
583
595
600
594
655
733
733
696
670
663
677
676
678
687
665
694
699
699
685
680
699
697
690
674
657
636
620
620
626
627
621
618
624
617
612
610
613
611
607
606
601
615
612
617
628
618
614
605
610
614
618
617
611
617
605
605
604
616
632
646
649
642
638
645
660
685
690
681
686
680
693
688
684
682
666
665
680
700
708
699
716
720
729
723
720
716
724
715
703
714
712
711
722
716
811
793
770
737
728
696
678
673
688
707
722
744
743
738
741
753
758
759
743
740
735
744
744
743
746
750
751
742
730
718
721
733
731
735
746
746
754
748
751
759
755
754
758
755
756
739
719
700
688
688
699
704
714
724
730
748
745
736
729
730
725
718
710
706
700
691
683
676
673
670
671
669
671
670
675
674
677
682
680
682
677
679
672
679
677
684
689
687
688
689
686
674
661
659
665
673
679
683
689
690
686
688
688
687
687
686
688
688
688
694
709
705
709
703
699
689
688
684
682
671
679
671
671
673
672
661
665
660
664
669
669
670
680
681
686
689
695
684
690
695
691
692
682
678
678
676
677
675
676
672
675
676
676
677
673
673
663
667
668
670
666
667
669
667
670
668
666
662
655
646
644
640
636
632
631
627
620
617
614
612
614
609
618
616
618
619
622
629
625
621
622
628
622
618
614
625
629
636
645
654
650
653
665
656
655
654
648
650
651
652
659
659
659
659
654
656
650
652
639
634
626
618
613
606
604
602
600
593
601
593
598
599
590
591
600
591
593
589
586
580
587
587
596
593
606
610
622
631
644
650
657
667
665
675
671
664
660
652
651
650
642
637
639
640
639
640
625
627
624
620
624
620
622
623
622
622
628
630
631
643
645
648
657
646
661
680
686
675
669
658
650
647
