977
947
960
992
1005
1015
986
986
976
947
962
970
971
938
975
999
973
947
963
961
957
941
960
926
934
984
998
1019
1019
990
1021
1029
1025
986
1014
1014
1022
984
1010
1005
996
961
981
998
997
983
972
999
1004
974
968
981
964
936
924
929
901
932
933
927
904
926
924
925
922
961
982
1000
1008
978
995
987
974
943
972
973
966
940
957
960
944
927
924
938
935
912
928
923
889
926
934
913
917
962
969
982
953
969
976
979
953
953
979
976
963
965
989
989
973
970
972
961
952
960
949
921
944
947
956
932
950
956
948
933
951
943
928
948
946
911
931
944
937
931
947
953
947
927
938
948
942
921
943
948
941
921
937
946
938
940
925
951
962
947
932
950
963
947
933
940
924
899
888
899
902
886
890
917
912
891
896
910
897
880
903
907
896
892
923
927
919
914
936
940
917
934
946
925
925
932
930
909
919
925
911
915
922
902
904
909
915
894
901
900
882
894
910
903
887
899
895
862
863
878
885
881
920
936
931
912
938
955
960
937
942
945
930
903
902
902
886
865
873
878
871
873
902
925
935
978
1020
1007
1007
1007
1011
983
953
959
948
916
915
948
950
956
963
970
948
963
977
980
972
946
955
951
946
920
917
911
893
876
891
899
904
888
900
896
888
899
894
897
895
880
886
891
889
906
917
925
904
877
885
886
867
888
882
878
901
918
909
918
943
938
920
925
935
937
933
902
902
908
899
884
875
890
896
904
891
911
911
906
888
899
898
879
866
876
871
864
852
852
864
869
859
878
890
875
878
896
886
867
875
874
867
866
882
877
865
877
881
880
866
888
896
891
875
881
895
894
898
893
901
895
885
902
914
896
903
914
908
897
911
892
843
835
820
794
760
744
729
732
735
745
744
742
727
740
734
731
719
724
729
734
736
743
770
786
782
771
768
751
739
790
797
808
798
761
749
718
706
688
671
664
668
656
661
660
660
652
649
647
646
646
650
652
645
642
644
645
646
640
637
642
636
640
637
637
636
639
642
644
646
645
649
645
642
644
641
637
640
630
630
637
626
625
635
626
629
634
630
632
633
633
632
634
633
631
635
631
630
632
624
623
623
617
617
611
613
613
605
608
606
610
608
604
607
600
602
600
595
595
598
592
586
592
591
589
590
593
588
590
592
589
590
588
589
588
589
590
589
590
587
589
589
590
583
590
591
588
585
588
589
585
587
587
581
583
585
585
585
581
576
575
588
590
595
590
590
589
590
586
588
590
580
585
583
579
575
580
574
572
575
575
572
571
576
573
569
567
570
569
570
567
569
571
563
566
568
564
563
558
553
554
558
555
554
555
556
561
558
553
553
559
560
553
557
562
558
559
560
554
556
561
560
560
561
563
555
558
565
562
560
565
564
560
562
560
568
570
575
587
595
595
599
622
624
624
634
693
715
736
740
732
734
749
770
767
777
767
784
812
851
852
835
836
860
869
854
850
864
847
823
792
828
890
870
855
821
835
894
891
872
860
900
936
920
890
887
919
919
903
914
928
896
881
870
843
863
859
834
843
845
808
785
785
777
749
732
741
760
775
733
745
762
721
728
774
736
697
722
701
732
732
705
688
717
743
755
746
744
732
712
695
688
683
675
679
680
671
663
657
649
655
668
674
679
701
715
722
722
744
811
870
880
885
855
806
813
818
824
861
968
943
947
958
971
982
997
1009
991
966
937
962
978
961
987
1006
990
1012
1026
1020
1007
1022
995
941
951
941
924
903
889
871
851
864
872
861
864
893
905
883
870
880
899
885
885
887
856
841
877
877
891
924
917
896
927
921
906
926
933
915
929
951
936
935
960
957
942
959
955
924
925
931
905
912
935
931
939
974
960
969
988
969
960
961
905
839
800
770
783
813
827
860
865
845
856
868
866
860
875
875
858
864
863
852
858
896
910
896
915
908
901
889
867
845
825
809
766
745
781
838
890
899
934
954
958
962
977
982
994
991
976
988
979
967
951
955
950
925
933
925
870
853
857
850
828
841
858
834
830
854
852
825
819
826
812
793
798
805
792
798
826
850
844
848
850
834
828
829
836
824
839
850
861
862
885
891
882
889
894
887
862
865
866
868
862
883
896
891
882
886
891
880
880
888
882
863
877
888
886
876
893
899
889
905
909
913
901
897
886
879
885
887
886
884
862
873
875
869
893
905
896
900
925
930
916
908
931
932
910
918
907
903
864
865
857
855
891
918
914
911
923
908
875
878
876
861
846
820
814
796
810
824
819
839
857
861
854
872
867
863
870
877
864
861
866
852
841
847
836
837
835
811
793
802
826
863
872
857
880
900
889
870
886
888
872
864
870
871
