823
860
839
819
830
836
821
835
831
822
817
846
838
827
852
847
833
847
841
816
834
821
800
814
802
785
800
800
783
800
805
784
789
808
796
788
803
803
793
823
801
826
841
816
836
838
813
817
826
806
810
824
822
798
823
823
797
806
821
801
802
805
787
793
809
814
796
808
815
799
816
821
788
805
810
788
784
798
802
784
804
787
774
762
746
736
729
745
762
753
779
797
791
777
794
796
774
782
798
805
794
821
825
813
820
820
805
808
837
821
818
827
820
801
819
809
783
810
814
787
809
816
791
813
811
785
811
812
794
812
809
795
801
800
787
776
797
807
790
807
813
791
802
820
806
795
820
803
779
769
783
853
853
866
856
845
866
862
855
850
861
856
824
841
844
816
846
841
819
840
832
812
832
841
813
830
816
793
812
833
799
814
825
806
813
821
794
811
811
800
811
814
796
804
811
789
790
800
799
785
813
799
783
797
784
788
815
806
789
795
798
771
783
784
787
784
806
833
814
855
865
837
849
855
842
809
827
831
811
830
851
830
830
851
829
810
834
832
813
839
853
830
843
870
841
824
848
832
808
823
821
800
831
836
817
824
830
805
811
812
798
786
798
799
781
783
806
813
798
815
819
792
809
815
797
801
815
796
780
796
806
784
798
803
785
782
801
808
793
813
836
805
824
822
813
808
823
813
797
817
821
797
819
827
799
810
825
835
810
834
857
826
830
840
812
813
827
800
799
815
815
798
835
835
808
833
827
807
819
828
807
823
814
807
816
818
813
825
828
810
809
824
826
799
813
825
809
811
844
839
820
831
825
799
818
817
793
803
815
803
794
808
813
793
822
825
804
807
818
806
787
810
811
787
805
810
794
798
820
817
804
827
840
813
832
836
811
822
831
820
810
849
829
822
849
833
811
828
835
815
831
838
813
816
815
800
816
832
810
828
841
812
813
824
818
795
832
848
819
841
843
813
838
841
816
823
846
832
822
836
814
821
804
799
830
809
829
804
778
790
782
777
779
774
797
657
861
750
1439
709
712
700
697
693
690
690
687
686
688
677
687
685
694
711
706
726
722
759
755
754
762
764
773
778
762
772
777
791
786
771
772
775
768
764
765
769
769
769
778
782
779
783
760
736
720
705
371
333
372
328
684
1364
676
670
659
659
656
652
643
778
507
641
551
708
640
628
625
628
621
627
624
616
617
623
614
615
607
604
612
299
313
606
1220
612
622
615
1228
1222
696
1227
496
1750
776
444
1183
1353
789
825
717
745
1542
883
376
1006
572
658
1135
1132
570
570
1127
959
845
939
1180
1081
861
787
1091
1635
911
355
524
526
537
531
532
1067
528
531
529
359
696
539
1063
290
775
534
535
1066
535
332
621
664
1075
540
438
1171
536
433
1168
536
455
609
533
531
528
529
338
721
528
528
522
525
1052
525
289
764
526
527
1059
1632
335
779
538
535
551
269
825
550
562
569
574
573
579
587
592
594
588
591
612
688
726
718
707
673
728
579
625
614
611
609
621
655
669
666
654
657
1360
659
645
657
1351
664
688
694
703
705
1390
678
719
780
758
736
702
726
758
731
703
688
693
691
678
678
688
689
678
698
712
698
709
721
712
692
699
707
697
685
700
714
708
692
704
720
725
700
706
736
727
703
722
741
723
716
746
736
713
731
753
735
723
728
714
697
681
667
658
662
667
675
702
722
713
720
751
739
732
771
773
751
769
789
771
748
770
795
778
769
791
802
771
781
781
762
743
759
784
766
750
777
790
759
764
772
755
734
758
782
756
758
786
784
756
771
787
771
766
785
789
766
789
785
765
769
777
764
768
791
773
754
771
778
767
786
801
778
800
831
784
805
803
781
817
837
801
824
822
784
810
825
804
835
848
811
817
828
803
816
810
796
816
827
811
819
847
813
813
818
807
800
810
793
770
788
781
759
773
788
774
787
797
780
777
780
770
781
804
776
771
798
782
766
779
792
771
778
783
771
772
787
780
770
786
784
766
796
792
775
792
797
781
784
800
778
779
788
782
777
774
752
731
745
787
805
843
825
831
850
841
803
813
821
804
810
819
810
804
818
804
779
797
813
788
809
819
796
789
811
804
783
792
793
770
798
810
796
827
846
844
868
852
830
839
819
790
804
805
783
772
770
778
780
806
825
814
818
830
809
829
834
801
833
831
804
838
854
816
829
850
814
824
840
813
836
825
804
822
822
816
841
825
817
824
809
822
830
807
792
806
802
787
806
810
791
813
824
798
809
824
801
823
833
799
806
810
796
802
815
813
808
829
817
793
805
796
784
801
813
798
818
838
819
828
821
796
803
820
812
809
854
861
832
862
857
823
840
845
813
827
824
804
826
840
811
827
831
814
846
854
813
834
832
804
812
827
811
837
856
823
832
833
810
808
811
800
793
844
848
828
845
834
806
822
811
799
813
797
797
810
813
794
804
819
794
812
820
798
813
813
797
800
808
791
793
806
791
795
819
824
