844
835
876
867
892
886
869
903
899
875
902
884
878
900
885
917
902
938
934
943
962
958
962
976
953
970
975
977
938
966
931
889
887
869
849
856
836
867
867
882
898
879
880
902
881
885
911
915
926
887
912
877
906
884
902
898
911
906
890
896
901
906
940
938
940
954
921
929
946
922
946
925
913
907
914
900
925
901
913
912
916
922
1803
889
878
857
819
814
828
834
840
822
821
799
793
806
842
857
899
918
952
916
954
944
950
951
929
964
985
985
970
995
998
963
980
986
953
967
980
965
951
955
926
921
940
945
921
954
968
931
954
962
947
968
975
960
980
998
968
965
982
940
955
952
880
877
899
917
895
897
926
926
915
947
950
935
950
929
927
912
900
916
893
909
921
905
916
934
917
934
927
908
935
938
930
951
949
923
951
952
924
954
962
933
950
949
901
922
923
896
929
934
916
935
924
919
936
938
918
937
927
925
925
899
924
921
911
921
905
932
935
921
950
942
884
854
875
877
851
863
868
837
870
845
839
845
872
876
887
912
916
876
874
875
881
886
891
895
903
890
875
823
832
799
787
830
872
906
902
906
906
909
906
869
888
896
910
905
892
891
868
866
873
894
899
907
914
914
892
889
853
867
869
862
885
907
893
925
932
934
916
922
911
881
879
883
880
834
852
859
863
867
864
832
851
862
876
884
894
881
901
908
903
900
872
877
880
850
868
836
857
869
887
891
893
893
900
897
858
877
856
868
874
892
880
900
901
878
893
896
882
912
926
875
893
883
880
842
835
849
870
879
891
893
896
895
886
866
882
875
866
828
840
860
883
911
914
914
897
867
878
873
862
812
819
841
831
861
875
906
929
893
892
901
882
874
833
831
841
851
854
852
823
846
808
783
759
764
756
745
739
718
710
703
695
679
672
659
652
641
633
630
625
620
607
604
595
595
596
588
582
578
571
572
572
565
563
564
561
558
555
559
558
546
545
542
546
546
545
544
542
539
548
544
538
535
532
531
533
528
525
524
527
521
522
522
524
524
520
519
520
518
520
519
517
519
508
514
516
518
511
513
505
512
513
514
515
517
507
513
510
509
506
510
503
503
501
498
507
507
505
502
502
511
506
507
998
502
499
498
498
497
498
495
497
502
499
498
491
492
490
498
491
489
484
486
483
484
490
482
486
487
483
484
481
477
479
481
478
474
479
474
481
478
472
474
475
472
470
473
473
468
469
465
470
468
467
470
472
465
467
468
467
463
461
467
463
468
461
463
466
921
460
460
463
459
462
462
459
458
456
459
462
463
460
458
464
462
459
461
462
459
460
462
456
462
459
459
457
459
453
457
456
909
457
450
459
455
453
454
454
447
459
457
450
453
456
451
454
453
453
453
458
448
456
455
453
451
456
455
456
451
453
459
453
451
461
459
449
453
456
450
453
452
457
448
457
447
453
455
454
452
454
455
450
452
458
459
462
457
462
461
467
463
461
464
467
467
465
468
474
473
471
471
475
475
475
470
476
476
477
477
479
479
479
478
480
485
485
485
487
492
500
510
518
511
519
534
541
539
529
544
567
552
550
556
589
585
570
593
591
582
604
592
594
602
615
601
586
579
572
558
545
545
548
557
562
571
576
563
558
559
562
564
576
580
600
588
590
582
568
566
562
556
562
577
599
621
697
649
628
640
661
663
671
645
634
631
628
626
611
596
601
615
609
617
638
631
638
628
635
613
602
600
615
625
629
620
621
652
746
731
698
668
711
788
738
694
710
792
743
715
719
719
753
714
695
683
709
755
716
682
682
720
717
703
676
686
711
706
694
681
663
641
623
632
660
699
719
746
731
704
671
643
644
664
707
754
750
747
696
685
674
685
712
709
687
721
733
703
694
770
762
721
847
872
774
761
780
753
787
790
762
789
789
755
741
742
755
770
769
796
840
848
830
853
869
837
837
876
869
814
826
822
790
759
749
764
787
770
789
816
813
803
826
850
821
832
858
844
827
854
851
819
832
848
824
825
857
841
814
834
858
848
842
860
842
869
868
866
896
872
900
890
856
872
858
844
860
821
821
843
820
852
857
839
870
868
838
855
846
826
833
821
815
786
789
809
794
795
822
820
813
836
838
809
823
834
804
817
826
840
820
820
847
831
828
852
832
829
846
828
815
837
831
824
832
801
802
780
797
801
782
806
800
788
796
795
767
776
744
708
706
747
799
862
842
809
806
818
852
859
842
840
863
880
852
834
857
825
849
834
825
846
822
840
854
831
856
835
854
837
839
859
854
844
823
829
841
843
809
809
784
767
734
730
763
782
812
861
837
834
827
809
798
803
807
842
868
882
853
878
895
878
867
884
880
853
860
869
858
848
865
871
845
855
863
845
841
847
846
827
849
846
823
842
841
827
842
849
829
843
861
866
855
862
853
832
829
827
834
823
805
819
794
786
805
793
772
788
788
761
791
770
779
805
786
785
759
757
758
739
723
722
715
704
688
683
689
684
710
725
731
733
738
720
746
782
790
810
824
840
832
800
816
842
857
823
800
800
813
806
816
827
838
839
820
827
824
813
794
801
784
783
799
794
779
791
774
776
761
746
