877
909
900
916
956
944
936
979
947
942
970
930
919
892
926
885
908
917
901
955
975
987
1011
973
997
1002
970
1015
1012
1021
1038
1000
1021
1004
986
1016
996
995
1029
1006
984
1017
1003
993
1031
1002
990
1011
980
1000
1011
988
1012
1017
990
1030
1001
996
1029
982
994
999
966
989
1006
975
1019
1002
993
1021
996
993
1012
986
1000
1017
991
1038
1028
1011
1042
1018
998
1020
996
988
1012
988
979
1008
989
1016
1026
1002
1026
1020
979
1003
992
972
1006
991
975
1005
991
966
1010
975
985
981
955
974
979
955
989
979
949
979
977
978
980
959
987
968
933
945
943
906
927
940
926
963
963
966
960
941
974
982
957
984
989
965
1002
1008
976
993
1001
968
967
986
972
954
992
978
952
970
950
927
960
943
950
979
961
965
978
949
979
965
946
981
985
965
1008
1018
990
1028
1014
981
1006
994
980
1020
1005
988
1021
1017
986
1022
1004
967
999
985
953
989
979
954
991
967
962
992
970
985
997
970
995
998
956
956
953
920
940
912
909
929
904
915
961
942
934
978
979
941
982
974
935
970
978
918
961
941
896
957
940
926
974
975
959
997
989
954
986
967
935
961
961
931
941
969
950
952
998
977
1010
989
1027
990
979
1008
971
964
983
972
962
999
1000
968
986
990
951
972
1003
996
964
996
998
975
1009
1025
989
1017
986
979
1010
968
988
1017
987
1006
1035
996
1018
1033
1009
986
1017
1007
969
992
967
995
997
972
983
1023
1012
986
1021
1021
977
986
988
959
949
982
965
938
966
961
988
955
979
1016
991
960
941
975
988
987
998
976
1008
1016
1021
987
1019
1010
1015
1037
1035
1034
1037
1021
1012
1027
1029
1020
1013
976
985
982
962
938
962
946
897
866
884
866
828
867
836
829
874
863
847
873
893
862
848
882
882
878
850
854
900
909
896
953
928
910
942
934
906
931
948
938
924
868
886
875
850
841
865
843
865
855
828
842
849
846
829
846
855
837
808
762
756
796
755
714
708
694
701
689
687
712
671
685
697
663
683
678
672
677
686
656
680
666
669
672
665
671
679
673
672
682
654
681
682
669
688
684
681
669
695
660
677
683
669
685
681
679
663
676
670
677
685
663
661
688
669
674
677
657
657
657
671
650
645
673
638
661
668
647
647
634
661
645
639
672
633
652
645
657
621
647
647
647
658
646
668
627
647
641
636
659
628
643
636
647
606
626
632
626
626
612
621
627
614
607
631
596
622
612
616
641
629
629
663
653
622
656
647
644
678
623
643
637
623
629
654
620
635
658
614
637
630
620
628
623
621
619
634
590
624
597
616
629
633
625
621
628
620
609
608
612
598
628
600
605
610
603
601
596
613
563
589
602
572
590
623
607
595
629
592
602
637
623
604
630
659
634
607
622
613
613
651
608
633
658
632
660
655
626
657
621
639
642
680
658
668
692
686
691
706
718
716
723
729
733
751
734
753
769
742
758
785
767
783
807
773
819
803
771
821
802
759
765
818
758
772
788
759
761
810
753
761
807
766
767
789
765
748
747
741
724
707
712
758
723
766
776
797
772
790
829
890
919
882
919
877
889
878
864
897
892
891
935
902
905
941
904
926
937
905
940
938
903
958
953
927
963
916
919
949
910
929
938
900
931
935
909
965
947
904
946
941
912
958
957
929
974
963
926
964
953
918
959
945
928
974
951
932
978
932
941
953
914
954
972
945
982
991
952
988
972
942
974
970
936
977
970
949
1000
980
939
969
956
920
966
965
939
978
968
947
988
986
951
989
969
952
996
955
957
970
931
955
953
927
943
894
926
933
926
872
984
940
928
957
941
881
994
945
914
937
920
914
947
932
929
950
946
936
963
942
931
960
953
929
976
964
935
932
902
910
898
896
940
953
941
976
953
959
974
956
926
945
940
925
960
950
938
965
963
925
947
941
913
933
933
908
937
945
926
970
965
931
950
936
908
934
920
909
958
955
935
958
962
934
966
972
940
950
916
883
884
873
854
889
896
882
907
924
902
913
915
889
916
920
900
907
926
915
914
935
924
911
934
917
930
935
892
871
854
850
849
849
825
850
870
863
828
838
825
837
878
901
894
877
900
887
891
911
901
940
956
921
896
883
855
833
839
865
895
919
932
897
861
860
857
862
859
831
799
786
833
866
873
910
947
937
928
942
931
936
922
930
933
911
909
933
931
932
958
945
927
952
935
919
935
908
908
926
921
910
938
940
939
958
959
928
934
932
906
918
929
914
939
916
897
910
907
909
877
882
883
869
862
821
826
832
812
869
863
854
916
926
912
953
935
921
935
902
914
869
896
908
906
899
890
924
911
889
912
894
872
897
892
855
881
885
863
905
922
892
938
929
895
947
904
931
879
904
