772
771
775
783
781
783
778
775
778
789
786
784
779
785
792
793
776
776
768
771
770
774
771
758
780
784
787
779
787
783
789
800
790
786
796
792
792
787
790
792
792
785
787
774
781
773
762
761
761
764
767
764
763
780
780
785
778
783
789
802
801
796
793
805
812
812
803
806
810
807
802
798
794
793
786
781
772
773
783
782
780
784
778
778
784
779
776
780
778
771
775
779
777
769
774
776
782
770
769
776
769
764
767
780
779
784
784
777
787
785
783
772
766
772
769
771
768
770
774
774
759
761
755
754
756
752
752
767
763
768
757
752
751
757
750
748
754
752
756
756
746
753
754
760
760
758
766
773
778
779
778
795
798
806
805
793
793
801
795
811
802
801
798
794
792
789
791
790
784
790
797
787
789
773
785
788
796
803
797
794
806
812
813
815
817
813
819
832
833
837
832
819
836
827
842
834
820
819
824
826
828
821
813
818
822
818
819
819
809
813
802
790
789
792
799
792
785
783
778
780
787
781
786
786
789
776
777
770
777
776
778
773
772
775
771
771
769
771
775
772
776
762
761
767
776
778
764
763
769
770
771
770
768
773
777
782
775
798
794
801
793
788
788
793
796
789
785
803
808
807
810
809
809
813
820
811
812
815
826
818
816
813
818
820
809
802
807
809
814
812
806
800
806
806
799
800
801
812
815
797
804
817
801
780
754
733
753
757
761
781
786
807
799
793
806
817
810
810
804
796
802
791
786
783
789
799
793
786
776
783
788
793
770
736
724
729
737
756
771
781
788
790
777
798
791
796
803
799
800
811
815
822
824
816
808
815
819
821
823
813
804
806
803
805
809
807
804
809
805
813
808
810
810
813
805
800
800
801
798
802
801
803
803
808
806
805
814
808
807
800
795
799
793
799
796
792
797
805
806
805
801
802
807
807
806
800
808
808
814
803
796
808
811
811
804
789
797
795
797
791
784
778
786
792
787
778
797
791
797
777
775
785
783
781
779
771
782
784
784
776
777
775
782
781
773
766
777
784
786
782
781
780
786
792
796
799
797
813
816
827
821
810
786
695
707
690
692
693
699
697
699
696
688
695
704
710
711
707
697
689
677
659
653
644
650
638
630
617
606
607
599
597
599
592
595
592
588
589
586
587
586
587
584
592
590
595
606
612
618
624
628
631
634
643
646
654
652
649
649
651
656
664
661
679
687
663
675
666
665
672
661
652
656
658
665
671
682
678
678
685
683
682
670
680
686
691
691
680
689
694
684
688
695
686
681
678
684
685
677
675
682
686
683
680
665
656
664
660
673
678
677
677
690
696
710
696
685
693
702
692
674
672
664
671
659
654
644
638
630
635
627
629
625
622
623
610
610
604
603
599
598
595
597
594
590
588
588
589
587
585
585
589
587
583
584
591
587
583
583
582
578
576
572
576
576
572
565
567
567
565
561
561
563
563
563
562
563
563
560
563
557
549
550
550
546
542
549
549
547
549
537
543
548
545
543
534
536
540
539
539
531
533
537
535
537
535
530
534
533
533
530
526
531
532
530
525
528
529
526
524
524
524
525
525
524
520
520
524
520
518
518
516
514
517
516
512
512
514
514
512
512
515
515
515
508
510
515
517
512
514
512
515
516
512
508
514
514
512
507
507
509
510
509
511
509
510
502
504
511
509
506
503
502
507
507
500
506
507
506
495
498
500
503
501
498
494
495
495
496
495
489
491
495
492
490
483
481
488
488
486
482
481
488
487
487
486
479
482
486
486
485
484
480
482
484
483
477
477
478
479
479
479
479
477
470
472
475
475
477
472
473
477
475
475
479
478
474
472
475
478
478
472
470
470
476
478
476
475
477
482
490
499
500
500
505
516
519
518
518
521
524
517
518
520
521
520
521
521
525
525
521
522
526
532
535
527
525
521
521
523
527
529
531
540
557
568
562
565
568
565
559
555
551
554
551
551
555
557
563
572
575
569
577
581
582
467
689
585
583
586
583
587
598
595
595
590
587
590
592
589
588
590
595
599
597
593
604
606
610
608
605
608
612
613
614
606
610
613
613
610
607
615
616
618
617
615
617
623
628
625
625
633
638
637
634
626
632
654
649
636
624
617
604
600
599
600
601
604
607
613
608
612
609
602
594
593
590
590
585
585
583
582
583
594
589
597
607
622
631
649
638
640
646
648
636
640
641
651
643
653
660
656
656
666
657
647
637
630
627
603
601
610
610
610
617
609
621
622
630
634
622
636
636
633
629
626
609
601
607
612
633
633
635
645
652
659
673
664
661
668
678
673
662
663
668
660
657
661
672
670
671
667
656
656
656
655
656
664
679
685
694
683
690
699
708
691
691
694
696
687
684
686
697
701
693
695
696
705
704
697
695
705
711
711
703
698
704
712
703
701
706
715
716
714
720
735
741
728
729
738
729
722
718
729
724
716
715
718
717
709
707
711
715
713
703
709
711
717
707
705
711
708
707
700
704
709
705
702
701
706
709
715
709
705
711
710
700
699
709
704
694
694
696
700
701
695
695
700
701
695
696
700
697
696
693
700
704
706
702
695
704
709
711
703
700
702
709
704
693
695
701
702
701
699
700
707
714
705
705
715
711
722
702
701
708
712
704
699
708
702
693
669
658
655
650
651
659
660
665
674
667
675
673
673
679
675
682
679
677
678
676
679
685
680
681
683
682
680
677
680
678
685
679
678
684
686
687
682
682
686
688
684
681
674
685
687
697
695
701
697
688
696
692
688
676
674
671
671
665
670
676
667
663
652
646
643
647
649
649
647
654
658
663
671
668
671
682
681
676
683
683
693
693
685
689
693
689
685
684
695
700
703
698
703
702
700
691
695
704
697
694
690
700
705
711
707
700
708
708
713
704
720
729
728
718
729
729
741
730
723
730
727
721
729
742
743
734
730
741
739
734
729
736
735
729
724
735
730
731
726
729
731
729
718
724
730
730
729
726
731
734
739
737
740
745
740
737
737
745
753
745
744
741
749
746
740
744
752
753
742
739
749
751
743
740
752
750
753
742
751
754
