799
848
836
682
809
933
877
832
864
835
847
856
695
941
884
856
849
853
852
850
712
974
860
860
866
855
852
838
813
813
833
864
852
701
944
853
863
844
845
848
848
842
836
832
715
940
864
858
851
852
849
854
856
854
850
858
866
864
860
859
858
854
842
861
847
844
691
931
873
864
850
853
847
845
844
703
958
854
860
876
878
874
872
859
858
865
866
884
881
875
869
869
721
917
880
872
858
857
865
859
869
860
860
867
865
869
870
866
705
809
967
884
872
855
860
855
862
690
968
878
845
838
860
854
854
711
945
886
839
845
865
853
846
834
844
844
843
695
778
921
854
872
852
846
815
819
838
833
687
907
826
850
864
863
701
927
860
860
876
851
854
859
822
847
838
837
808
689
739
941
858
851
803
815
824
860
738
776
880
830
853
872
841
840
840
841
688
930
868
822
852
861
852
709
856
850
851
855
696
871
855
822
848
688
925
875
855
809
839
852
856
700
926
830
852
877
859
855
690
849
924
884
844
864
865
860
716
731
968
892
880
849
848
861
855
712
943
845
852
867
865
742
873
904
871
885
871
865
704
917
890
850
851
842
814
722
744
913
861
845
846
823
831
837
830
808
684
797
905
852
687
780
918
876
850
844
687
799
897
862
855
689
911
827
854
861
702
917
831
836
873
867
853
688
921
834
839
854
858
847
691
877
846
864
846
837
691
750
927
872
862
845
688
795
927
854
688
744
947
866
861
851
678
738
938
863
854
858
683
791
918
855
853
826
803
828
702
788
890
848
678
911
817
816
839
686
751
867
813
833
685
840
854
806
790
782
781
797
673
907
839
822
838
864
847
691
893
831
854
840
688
865
843
846
840
690
925
860
834
860
704
929
846
843
872
720
823
908
835
806
833
823
813
703
866
830
845
673
898
821
826
859
688
936
857
843
871
856
698
931
832
828
854
837
837
690
884
817
834
812
683
822
851
843
723
804
878
860
831
822
680
741
924
834
814
690
790
909
833
682
897
770
491
1578
772
766
742
742
759
762
749
777
775
766
752
635
677
803
726
691
667
621
632
661
639
589
655
623
572
640
609
564
622
592
564
607
591
554
592
575
540
595
571
536
588
563
531
582
561
534
571
560
529
575
554
523
567
550
521
558
543
516
557
539
524
547
539
524
539
529
517
534
525
521
522
522
519
521
515
516
512
510
511
513
508
507
506
501
501
502
498
498
494
493
492
490
492
489
488
486
485
485
484
482
479
480
479
477
476
474
472
474
471
470
468
464
466
465
462
461
460
460
458
457
460
454
458
455
454
452
452
451
449
449
447
446
444
445
443
440
443
440
442
438
439
438
438
438
437
439
436
435
435
434
434
433
433
431
431
433
433
432
432
433
432
433
430
432
433
430
432
431
430
430
429
428
431
430
430
429
431
427
429
426
429
432
429
430
429
426
428
427
428
425
430
422
426
425
425
422
424
424
422
420
424
418
422
419
420
419
418
418
417
418
418
417
417
417
414
417
414
413
417
413
415
414
415
414
417
413
415
415
416
412
416
412
414
413
414
411
415
413
415
412
412
415
410
410
414
410
412
411
410
410
411
410
410
409
406
410
407
409
408
410
407
409
409
408
408
411
409
409
410
418
414
412
413
414
418
415
420
424
421
422
423
426
426
423
425
426
429
430
433
429
432
430
434
435
434
435
436
434
435
433
434
438
438
437
438
437
438
438
440
444
450
445
441
449
460
459
465
470
471
467
465
458
459
460
460
458
458
463
462
458
460
463
465
462
466
471
475
475
474
477
476
477
472
467
466
465
466
464
468
471
466
469
465
467
466
465
468
469
470
473
470
472
472
471
472
469
472
474
471
473
472
470
470
468
464
475
484
491
494
489
491
489
487
488
488
487
491
489
487
486
494
502
504
502
503
501
508
513
520
519
520
512
518
522
525
527
523
515
514
515
516
515
512
515
518
518
518
513
514
517
516
512
510
513
514
520
516
517
517
523
525
526
522
522
526
528
527
529
526
536
541
541
541
534
542
541
545
542
541
536
549
552
564
557
548
553
546
550
562
570
566
567
563
560
552
562
572
577
583
580
565
572
566
565
570
574
572
563
563
558
563
559
581
571
570
573
569
571
582
579
575
575
571
571
572
596
589
592
587
596
585
592
602
595
590
593
590
588
586
610
593
601
583
595
584
587
588
604
595
595
593
597
590
592
594
597
598
597
603
597
604
601
607
603
598
594
604
591
596
594
625
603
619
596
602
596
599
593
607
588
593
587
584
587
602
591
594
608
602
605
604
609
603
611
598
605
624
607
610
616
604
594
622
618
608
626
612
599
634
619
623
617
618
616
602
629
619
612
643
638
645
627
646
626
614
657
646
616
675
632
612
662
634
635
643
649
655
651
648
637
628
614
665
625
624
667
625
616
658
632
607
697
614
612
592
696
625
665
619
667
628
616
619
681
633
615
670
632
649
625
688
652
625
716
633
623
638
704
643
617
736
646
675
661
633
728
664
644
718
651
677
647
666
618
706
686
682
657
626
711
646
688
613
770
666
632
599
707
750
660
637
699
689
676
663
653
642
759
655
699
614
698
689
695
676
646
738
668
705
647
680
748
669
718
671
638
810
712
729
688
629
717
766
677
706
674
630
749
697
713
697
638
787
796
689
721
688
709
635
709
750
683
736
696
638
795
836
764
782
788
730
854
632
626
882
814
833
780
798
759
770
760
751
816
774
785
769
768
763
772
767
748
692
826
799
845
760
758
780
795
754
770
747
693
800
710
745
693
738
711
646
868
796
752
740
723
726
709
723
711
731
639
720
771
696
753
700
648
747
825
697
729
707
737
707
653
762
830
699
769
707
778
710
651
733
822
721
779
728
655
668
872
765
749
782
795
745
683
864
812
824
760
752
750
758
774
781
715
745
759
814
749
773
795
774
761
777
787
813
800
747
781
804
772
802
750
772
793
783
771
776
774
772
762
742
729
735
751
750
672
693
904
786
774
764
769
832
775
804
729
862
816
857
804
777
767
796
788
708
893
800
787
786
771
759
752
767
817
772
787
731
735
808
766
761
763
719
712
838
787
797
741
715
