943
953
951
973
980
973
992
980
994
1010
998
1020
1006
1009
969
924
870
815
855
854
811
821
867
942
975
984
1005
987
982
1003
1004
1017
1022
994
1018
1029
1006
1019
1032
1036
1021
1038
1031
1016
1031
1031
1003
1027
1024
1020
1039
1020
1009
1000
945
957
984
999
1014
1032
1009
1031
1039
1039
1038
1029
1030
1031
1045
1030
1034
1027
1030
1029
1028
1034
1015
1007
1029
1036
1003
1025
1040
1018
1012
1027
1035
1022
1038
1049
1021
1021
1027
1009
1016
1021
1013
1025
1037
1022
1044
1042
1027
1041
1048
1021
1048
1059
1029
1024
1041
1026
1025
1040
1037
997
1012
1018
998
1023
1029
999
1009
1020
1011
1028
1034
1026
1001
1010
1026
1020
997
1016
1021
1001
973
991
1021
1024
1005
1018
1026
1008
1012
1027
1029
1018
1024
1019
993
1009
1018
1011
1021
1022
1016
982
997
1013
1006
1020
1002
986
1003
1005
989
999
1005
990
990
998
988
1001
1004
1007
978
983
993
982
994
997
971
954
976
997
1011
984
998
1012
1019
1018
1026
1019
993
1009
1003
1006
1013
1010
1004
1016
1013
986
989
997
971
954
980
1003
1000
1021
998
988
1007
1009
1001
1011
995
1005
1004
991
1005
1006
1011
1017
1008
1013
1008
998
1010
1001
990
1009
968
951
936
926
895
860
815
811
868
936
947
972
982
977
988
978
987
987
976
988
975
976
983
970
977
975
976
992
996
1007
1015
999
1014
1017
999
1021
1029
1023
1020
1048
1034
1025
1043
1047
1029
1043
1036
1018
1039
1056
1042
1053
1040
1011
991
1008
1025
1015
1011
1020
1015
1022
1032
1018
1030
1026
1019
1026
1008
1021
1018
1013
1015
988
1005
1012
997
1008
1001
1012
1000
1005
1007
987
985
999
1004
1011
1019
998
993
1005
987
976
989
986
985
999
985
985
1004
1010
1011
1022
1013
1020
1011
1022
1017
981
987
1004
995
979
987
980
963
984
1009
1004
1001
933
908
826
838
836
846
851
868
885
883
888
858
864
847
849
835
827
836
795
775
798
832
865
920
936
944
947
940
952
911
844
803
754
741
737
724
731
734
725
731
732
721
722
719
701
707
706
696
702
705
692
692
695
683
678
676
664
661
658
655
651
653
656
649
646
648
648
640
644
651
639
634
641
637
631
632
641
630
628
624
635
628
624
624
627
627
626
629
626
624
619
626
618
619
614
611
611
609
607
608
612
609
612
609
612
604
605
600
600
597
588
587
581
582
578
577
574
572
573
573
571
566
569
570
570
569
568
574
568
573
565
562
569
580
592
595
602
596
592
589
581
579
574
571
570
565
563
563
561
560
561
561
557
556
553
553
552
550
546
550
549
546
544
548
546
542
544
543
545
543
546
546
545
543
545
543
541
539
537
542
542
543
540
540
543
542
541
540
542
537
538
539
542
540
539
539
537
538
537
537
539
536
538
536
534
531
529
527
524
524
523
521
521
521
521
521
522
520
521
519
519
515
513
512
510
512
510
510
510
512
510
508
508
510
512
514
521
530
542
537
536
541
552
553
550
559
570
573
574
581
590
584
585
597
606
601
610
629
645
636
631
645
657
655
682
751
773
725
728
742
735
735
761
740
721
740
750
751
768
792
780
771
786
775
754
754
778
778
762
762
763
746
738
746
766
776
760
716
688
695
689
688
729
790
808
787
750
732
740
742
735
756
789
788
789
830
834
818
848
850
818
845
838
807
824
847
832
813
842
866
845
838
872
865
857
874
860
859
875
861
858
859
860
829
796
786
801
780
786
828
821
806
845
867
860
872
871
857
883
871
862
874
871
868
879
877
867
895
914
895
896
899
887
897
904
884
901
906
902
913
924
908
904
872
830
832
844
863
904
931
913
927
927
899
914
919
895
908
915
897
899
908
898
914
935
938
951
945
947
949
930
948
948
944
1483
888
846
849
864
893
949
953
938
963
938
936
914
930
937
930
943
951
946
917
898
921
911
916
863
844
876
874
896
911
912
919
919
888
875
888
896
923
929
931
959
954
962
959
949
954
933
917
903
917
937
959
964
976
978
962
972
962
933
936
913
910
912
906
924
915
905
929
938
952
954
954
930
896
907
905
930
943
940
911
898
871
871
886
887
878
905
909
921
924
909
904
883
825
815
790
803
826
853
903
905
896
896
888
871
847
822
802
792
780
795
829
868
896
905
913
925
918
915
896
867
871
882
905
939
937
949
942
945
944
917
905
915
908
938
942
946
954
944
948
949
912
913
935
937
958
957
972
973
972
981
910
861
836
810
834
850
848
833
867
893
902
916
906
909
911
905
919
913
910
903
905
923
923
915
914
887
876
880
848
845
853
864
871
875
848
864
896
902
920
893
839
839
858
879
866
854
870
890
918
930
929
942
943
943
949
941
960
953
949
954
945
953
956
949
928
927
914
932
938
949
955
944
932
917
900
917
856
805
792
824
879
926
945
956
937
944
938
933
948
954
956
958
943
951
958
951
959
939
950
942
949
959
961
964
949
951
949
928
945
958
948
958
955
962
972
959
964
959
962
963
947
936
908
876
857
868
887
890
913
916
932
951
941
931
944
924
925
923
931
914
908
934
