974
960
1010
1000
963
977
864
835
842
852
924
998
1041
1054
955
915
918
1005
1039
1036
1023
1009
986
1000
1025
1024
1009
1067
1085
1064
1030
1028
1050
1060
1058
1029
979
1005
1013
1045
1011
1032
1036
1023
1000
968
972
993
1080
1091
1018
979
982
1024
1032
1004
1009
1077
1039
1025
1004
1011
1015
1021
993
962
989
1006
1013
1032
1019
985
915
923
971
949
984
564
1242
1008
979
943
952
971
990
1011
1010
973
950
961
968
971
980
944
939
947
956
955
958
964
960
965
946
931
925
940
948
935
935
958
929
910
910
913
941
933
941
930
934
938
952
942
961
964
980
955
948
891
885
856
859
854
898
949
979
991
965
949
948
973
960
922
916
963
948
979
996
993
1004
959
925
916
921
951
1034
1018
1019
1021
933
931
920
940
915
911
934
911
929
892
902
1802
889
909
901
914
883
898
867
902
908
949
919
937
917
926
887
889
874
891
900
931
907
922
908
923
906
883
860
903
903
928
915
938
922
956
938
929
895
909
902
956
934
949
919
938
904
902
865
895
864
928
903
938
917
939
908
899
892
918
898
919
905
917
907
928
896
912
905
920
914
932
919
948
919
914
919
973
941
978
948
949
906
922
914
943
920
945
918
941
891
915
892
922
910
928
910
916
896
905
884
892
889
920
902
917
898
897
878
872
868
896
859
890
874
856
822
850
829
854
846
877
899
862
885
879
847
834
851
856
882
920
921
914
870
885
854
881
882
920
889
907
895
917
898
896
878
893
889
909
893
909
894
896
878
880
860
888
873
898
893
913
900
917
902
905
912
936
904
914
882
908
896
954
937
968
938
942
896
921
908
934
907
932
911
938
896
895
879
923
904
927
929
933
894
906
896
945
925
958
925
939
893
903
913
963
916
876
869
896
855
853
830
839
821
838
824
776
768
760
753
738
723
723
737
734
750
762
742
741
751
739
735
733
734
740
759
780
780
771
767
766
757
758
756
755
776
755
766
771
760
752
799
836
849
918
915
897
898
833
481
402
473
537
566
497
536
540
550
719
755
499
586
468
456
481
489
498
716
521
689
518
453
451
448
455
483
503
478
470
635
580
468
417
413
439
481
521
645
522
474
500
480
510
485
484
484
484
481
408
386
467
389
604
520
467
422
529
473
444
489
467
467
466
465
466
463
452
470
460
458
457
437
472
451
453
442
460
451
439
457
447
445
444
443
444
439
445
440
441
438
438
438
436
435
435
434
432
431
345
509
434
425
427
426
396
451
424
424
424
424
425
424
425
424
422
425
422
425
421
379
430
457
423
423
422
423
420
422
423
419
424
423
420
421
382
304
562
422
419
419
416
417
418
415
417
415
418
417
412
410
417
417
411
416
410
414
414
412
412
414
414
412
415
413
412
412
409
419
411
412
408
414
410
412
411
414
410
411
412
408
413
411
411
411
410
413
408
410
411
412
411
404
413
408
412
405
400
418
411
407
408
408
410
408
404
410
406
410
316
518
418
585
371
495
439
410
407
404
402
409
345
283
585
394
423
406
404
378
395
434
414
403
404
407
407
405
403
405
404
406
402
404
404
404
320
887
396
296
499
403
327
475
403
394
405
400
398
399
398
401
396
400
397
401
400
398
396
396
344
273
588
405
401
401
383
288
538
411
407
366
274
582
418
409
413
412
411
416
374
457
415
299
465
498
428
421
427
428
433
428
430
427
385
477
428
296
566
386
485
439
430
451
393
498
452
444
450
453
461
462
459
457
459
468
466
479
481
479
476
479
480
484
496
496
456
515
492
492
498
507
501
492
488
485
473
480
481
480
480
486
489
499
511
469
464
522
454
300
879
541
521
514
521
524
521
515
506
507
509
439
305
795
542
523
523
533
545
552
547
542
554
582
645
660
614
603
593
646
646
630
609
586
588
598
611
620
603
586
599
652
662
641
621
605
616
639
644
634
617
610
634
668
675
664
638
649
661
671
649
626
628
659
679
682
646
625
604
585
598
605
605
622
687
699
792
719
671
693
716
720
703
676
666
687
703
735
733
705
703
724
746
740
703
706
713
732
721
694
692
668
641
625
620
634
661
680
685
703
721
747
728
707
717
729
750
741
729
730
735
737
718
713
728
730
717
716
725
732
736
725
727
730
745
757
741
729
735
750
770
767
755
753
747
731
722
729
736
728
738
744
729
725
723
733
733
719
721
734
664
812
750
747
757
747
740
750
758
767
733
734
745
751
761
741
1426
697
696
696
713
1423
721
734
756
771
771
770
785
806
805
784
785
780
787
784
769
774
783
794
789
775
774
779
797
805
796
803
806
816
798
799
807
1591
773
761
761
760
754
766
784
786
780
791
798
804
785
624
871
723
698
679
699
698
689
698
704
697
693
699
704
713
706
699
702
716
716
720
719
728
742
756
756
749
756
762
772
781
779
775
774
772
777
769
769
776
777
777
776
781
782
778
781
786
784
781
771
756
737
729
731
735
745
763
769
772
780
782
779
781
780
783
776
741
813
784
778
776
784
785
780
786
788
780
776
777
786
781
782
784
789
779
772
770
774
772
773
773
773
762
758
751
752
748
748
747
753
747
750
753
765
768
763
764
766
761
758
754
751
746
736
737
738
748
754
754
752
769
774
774
771
772
771
771
767
765
768
762
760
760
764
766
757
746
747
755
753
750
748
735
1480
739
724
728
726
726
725
724
722
729
744
761
767
765
761
758
757
748
744
743
739
731
729
730
731
729
725
724
729
731
731
