754
744
752
752
752
719
721
725
728
730
720
718
729
728
733
736
738
740
737
728
730
742
745
734
743
750
755
753
751
759
771
766
766
774
781
771
772
779
777
773
779
783
784
773
770
775
775
765
771
774
773
765
767
771
771
760
767
774
765
752
753
749
755
763
768
758
767
767
771
776
778
789
782
778
779
781
770
774
779
776
772
783
790
788
781
787
780
773
767
767
768
771
770
776
784
780
781
782
784
788
786
788
787
785
783
779
776
772
775
777
771
773
774
780
771
772
780
784
788
777
782
785
782
778
786
784
777
776
781
785
779
775
774
778
775
774
778
779
782
774
781
783
783
779
782
784
785
784
784
788
778
779
777
775
769
769
768
767
766
769
768
757
741
743
745
745
745
739
745
749
753
745
747
752
759
761
756
756
758
763
762
754
758
761
764
761
760
761
762
762
755
758
758
759
760
755
758
759
761
752
757
754
757
754
755
761
765
771
764
770
770
768
766
765
763
762
760
756
759
758
760
764
760
761
764
762
762
757
760
765
767
757
759
761
765
761
761
766
766
769
765
767
772
764
763
764
769
767
761
761
764
766
763
765
753
759
757
757
762
755
755
758
760
766
756
759
758
759
757
755
753
756
754
757
750
755
756
757
759
755
754
756
754
758
749
752
759
761
760
750
754
755
755
756
749
757
761
767
760
766
770
770
773
764
771
771
771
771
762
766
764
766
762
759
765
765
758
761
761
767
755
755
756
758
754
758
759
760
759
755
756
755
756
751
748
752
753
752
744
747
750
748
732
731
728
732
737
744
746
740
749
752
756
751
753
758
762
758
770
773
765
770
771
773
765
768
769
765
762
771
767
764
769
773
769
766
768
770
771
770
770
771
768
769
766
771
767
767
766
767
769
773
771
774
778
771
773
774
772
769
769
764
745
745
743
744
744
740
729
729
735
731
738
745
749
747
752
756
761
751
752
756
759
760
756
757
765
766
771
765
770
771
774
772
768
766
765
764
765
765
758
762
764
772
777
769
771
771
768
771
771
773
764
769
771
771
771
758
765
764
762
756
757
759
762
769
764
760
763
767
768
760
760
761
760
768
757
759
758
759
759
752
752
746
753
750
747
758
764
769
768
766
768
763
768
766
764
760
767
756
760
743
740
742
730
723
719
710
712
710
702
704
681
677
674
666
673
661
662
663
664
655
657
655
653
650
648
648
646
645
641
636
633
634
634
634
632
628
628
633
625
627
622
624
624
623
621
620
623
622
619
618
616
618
616
615
615
616
617
621
619
618
619
622
620
616
619
623
623
617
620
623
617
616
620
624
616
617
616
619
616
613
611
610
609
604
605
604
604
603
598
596
598
597
590
590
592
590
589
585
584
583
584
580
579
577
579
576
575
574
574
572
571
569
571
566
567
566
564
565
563
563
563
563
563
560
558
558
556
556
554
554
554
554
553
550
550
550
548
546
545
541
542
541
542
543
541
543
542
543
542
541
543
545
544
541
541
540
541
543
540
442
636
545
463
602
448
617
537
530
530
532
533
530
455
593
541
531
530
528
528
525
529
525
527
525
524
522
525
522
521
523
445
592
522
518
521
518
517
515
513
516
514
515
514
515
515
514
516
516
517
517
512
514
511
510
514
516
518
518
519
515
520
516
520
513
520
517
525
522
528
530
517
514
540
534
529
534
534
542
540
543
542
542
542
545
544
542
543
548
546
551
553
557
563
566
566
569
573
580
584
587
584
587
580
585
586
580
587
583
591
595
596
603
601
607
613
612
607
620
639
644
636
632
616
623
617
609
601
595
586
595
597
602
613
609
620
623
632
635
633
626
650
657
659
659
652
651
667
678
679
672
665
653
656
650
646
641
644
648
653
659
652
660
662
674
671
655
657
654
659
657
649
655
659
668
662
659
662
657
668
659
654
667
671
687
683
673
677
677
690
681
673
678
683
692
679
671
676
670
677
667
660
676
672
685
679
675
683
688
688
679
687
685
693
686
680
680
688
684
676
680
688
686
674
679
675
688
681
671
683
678
693
686
679
687
682
690
683
674
680
668
656
657
663
663
658
667
672
677
671
670
672
685
685
675
685
678
696
689
681
686
680
698
694
686
693
697
697
689
689
686
699
692
686
688
689
700
710
704
701
693
688
690
692
696
699
699
691
688
690
689
695
695
692
685
681
674
670
671
673
673
683
684
687
691
699
700
702
703
701
695
688
682
683
678
679
684
682
689
693
700
707
706
711
712
713
711
711
715
713
712
709
701
708
709
704
699
687
677
674
666
662
663
670
680
686
693
701
711
719
721
725
728
728
711
734
722
720
704
721
707
691
696
695
697
694
689
693
696
698
698
697
700
703
707
710
705
711
708
707
708
710
712
695
705
714
712
697
704
710
709
702
699
709
712
714
708
715
719
725
721
707
726
721
719
703
711
720
714
706
703
719
718
714
717
721
725
724
722
726
727
724
700
707
713
708
710
712
712
697
721
715
716
718
722
714
716
717
715
719
719
713
716
717
714
710
714
713
709
695
723
716
708
709
717
717
716
719
715
722
724
723
720
723
722
723
715
718
717
714
708
706
708
705
699
698
700
699
694
695
698
698
693
695
694
692
685
682
682
682
680
678
679
680
678
677
675
678
680
675
677
679
676
672
671
673
675
670
669
667
665
669
670
672
673
671
670
665
659
652
647
646
647
649
654
661
664
670
680
687
689
693
697
700
691
690
689
690
690
691
695
693
688
692
692
696
692
693
696
700
701
696
697
700
703
695
697
696
699
703
695
699
701
704
706
696
701
699
698
698
689
690
691
694
690
689
689
691
690
686
687
687
689
689
693
695
688
689
692
689
686
686
686
686
688
689
697
696
692
691
688
685
680
680
679
677
679
675
678
681
679
677
680
681
683
682
688
690
689
698
692
691
693
692
694
695
692
694
692
693
693
688
689
687
690
690
684
678
673
667
666
667
668
670
678
688
691
690
692
698
703
