933
901
868
888
881
870
845
842
875
902
911
884
849
858
873
865
836
864
889
889
864
872
873
880
857
846
863
881
870
847
881
894
896
901
876
852
868
872
855
841
860
870
855
831
845
883
908
902
852
838
814
782
756
760
778
823
873
901
884
846
848
846
852
839
834
856
874
891
887
904
921
921
885
888
892
896
883
858
858
868
874
865
837
860
878
884
860
857
874
899
889
858
863
871
875
857
865
865
875
848
837
847
860
865
846
851
859
862
832
818
808
797
800
824
845
834
808
813
806
800
773
784
804
826
816
809
827
837
813
807
824
838
844
805
800
812
827
836
822
828
844
871
879
858
857
859
866
867
842
824
835
856
871
860
854
871
884
885
862
841
845
863
871
846
827
840
857
870
868
829
831
842
859
867
844
816
833
851
863
839
796
813
827
846
835
835
851
850
823
818
822
820
807
796
815
853
867
858
827
834
830
819
797
807
818
813
775
756
766
790
816
868
888
854
847
833
798
810
814
813
793
789
798
811
820
821
830
839
825
801
807
817
827
823
831
828
815
814
836
850
853
825
827
825
823
798
807
815
825
804
816
820
820
804
804
809
809
789
793
801
817
813
797
817
834
852
845
854
863
854
804
790
795
800
808
824
829
808
799
800
805
802
792
808
834
860
858
846
860
864
854
830
835
845
833
801
798
805
813
803
813
834
840
826
840
847
831
809
813
823
832
820
840
851
839
816
827
831
820
807
821
832
836
816
835
848
843
819
830
841
845
826
832
835
834
811
823
834
828
800
798
791
784
780
782
773
761
762
769
786
778
766
771
750
734
735
744
767
762
742
759
775
782
787
765
764
776
787
794
777
785
802
807
782
783
790
792
773
771
791
812
821
806
802
819
834
833
818
830
842
842
820
814
819
826
815
798
806
812
819
800
813
828
842
848
861
865
861
841
835
829
803
794
808
824
816
776
765
776
783
801
794
779
798
813
812
788
789
794
801
791
781
807
819
787
734
706
714
706
713
700
699
682
685
670
655
650
642
627
622
611
597
595
590
588
585
581
576
575
574
570
571
568
569
568
570
572
572
570
564
565
567
562
559
553
551
553
551
547
541
539
542
540
538
535
537
538
534
531
530
532
532
530
526
527
526
526
523
521
523
522
521
522
524
526
528
528
531
530
535
534
533
532
530
532
532
533
531
531
532
534
534
530
532
536
537
542
539
541
540
542
545
541
537
533
533
534
531
529
530
529
532
533
530
529
527
530
528
527
524
522
523
523
518
517
515
514
512
510
508
509
512
508
510
510
510
511
510
510
512
511
509
510
509
507
503
497
498
499
498
496
494
495
497
496
493
493
493
495
494
492
491
491
490
490
487
485
487
487
483
486
493
497
495
495
499
496
496
495
497
496
493
491
493
493
491
490
488
492
491
490
490
486
490
488
486
485
485
487
486
483
483
483
488
484
485
485
483
486
484
481
486
482
485
486
486
486
486
488
490
492
492
493
492
495
493
490
489
490
489
399
568
488
487
489
488
486
483
485
489
489
487
487
488
493
494
501
511
514
514
511
521
522
527
532
530
524
523
524
524
531
533
541
547
557
562
553
551
553
556
565
575
584
582
583
579
578
585
595
597
595
585
582
578
579
582
592
609
631
658
671
646
627
613
612
617
604
601
607
625
635
625
627
643
661
657
647
647
653
641
628
630
642
646
637
631
638
649
644
634
639
653
671
668
652
652
659
676
693
661
659
660
673
675
660
661
671
698
719
709
683
671
669
694
730
728
700
679
688
709
733
716
692
691
697
719
732
730
696
689
706
734
746
723
719
735
752
750
710
703
707
717
715
688
687
706
739
759
729
706
698
697
702
684
672
687
717
763
798
797
752
733
737
732
715
697
720
735
741
729
718
737
769
774
738
733
777
787
789
746
740
771
809
817
778
752
770
785
763
741
755
771
776
762
730
737
751
764
731
713
724
744
761
744
719
726
753
765
747
726
741
763
781
752
728
742
764
779
754
736
761
767
772
729
699
682
675
681
713
748
761
764
776
741
712
713
715
703
705
717
748
794
815
842
840
823
807
779
748
737
760
787
799
773
761
767
771
799
805
815
827
830
805
763
754
753
768
789
818
780
771
782
808
823
821
795
804
811
821
804
768
780
796
815
802
797
820
832
816
782
795
798
807
785
767
770
787
813
811
781
780
791
811
816
782
772
771
780
791
778
754
760
777
793
784
767
779
796
810
791
766
762
771
786
778
761
759
764
785
803
822
830
799
765
760
764
793
824
849
860
852
821
776
773
786
805
808
783
775
797
802
804
770
751
769
774
797
817
801
769
773
801
822
834
809
776
774
765
771
753
737
739
753
766
765
774
814
824
799
763
763
766
750
726
727
743
769
793
767
754
780
791
782
759
736
742
755
763
749
731
751
769
777
761
758
776
789
783
758
756
775
784
791
761
765
781
790
782
769
781
791
791
761
744
734
735
733
722
704
704
703
714
729
729
719
717
738
762
790
785
759
749
757
761
771
748
742
750
757
772
774
760
790
802
806
760
754
740
733
716
700
697
697
704
724
754
787
769
761
771
789
796
771
775
798
803
778
769
755
753
740
743
743
742
738
738
729
706
693
688
693
713
741
766
794
814
831
831
817
826
821
