1054
1035
1047
1042
1026
1030
1040
1043
1035
1068
1085
1097
1075
1084
1088
1064
1067
1079
1063
1051
1063
1072
1052
1053
1063
1055
1045
1063
1080
1054
1071
1068
1055
1039
1063
1073
1055
1052
1072
1074
1057
1066
1063
1062
1039
1059
1066
1057
1043
1063
1070
1058
1048
1063
1072
1070
989
996
1007
969
988
1014
999
1016
1042
1050
1047
1066
1083
1072
1063
1074
1085
1063
1066
1073
1068
1045
1062
1075
1066
1060
1075
1094
1080
1063
1064
1052
1021
1024
1032
1023
1024
1038
1055
1050
1076
1101
1091
1063
1071
1040
1048
1061
1065
1053
1071
1080
1071
1086
1095
1079
1087
1085
1077
1064
1083
1083
1054
1070
1083
1066
1056
1073
1059
1056
1049
1062
1069
1060
1084
1100
1080
1088
1100
1087
1053
1072
1082
1056
1064
1077
1080
1067
1079
1085
1067
1073
1097
1094
1066
1074
1094
1085
1066
1089
1097
1093
1056
1070
1063
1062
1054
1073
1093
1062
1066
1091
1079
1063
1067
1086
1067
1051
1076
1058
1046
1025
1055
1049
1056
1080
1083
1067
1065
1069
1063
1001
1010
1018
1013
988
980
1008
990
1021
1043
1030
1063
1072
1073
1055
1070
1069
1045
1059
1046
1052
1046
1051
1073
1080
1057
1033
1002
1038
1045
1033
1060
1079
1087
1076
1090
1104
1098
1077
1093
1099
1091
1086
1104
1110
1083
1020
988
1018
1028
1043
1045
1059
1086
1110
1121
1124
1144
1143
1138
1134
1140
1129
1103
1117
1121
1114
1101
1106
1110
1078
1091
1107
1118
1101
1121
1142
1154
1155
1147
1166
1159
1137
1145
1155
1160
1148
1137
1156
1165
1145
1150
1161
1163
1103
1113
1156
1141
1146
1144
1140
1138
1138
1137
1138
1139
1129
1146
1149
1144
1148
1139
1126
1138
1148
1125
1122
1140
1138
1115
1128
1136
1125
1115
1126
1137
1129
1113
1147
1150
1172
1123
1125
1130
1125
1103
1101
1093
1055
1096
1091
1079
1106
1113
1093
1089
1109
1104
1087
1095
1096
1079
1079
1094
1077
1070
1080
1095
1100
1080
1094
1076
1005
1024
1022
1000
999
947
908
889
869
850
842
798
768
786
768
741
725
734
739
724
716
703
693
684
675
674
665
658
649
645
642
638
633
632
622
622
622
626
619
621
617
614
611
613
613
611
609
607
607
604
604
605
602
599
599
599
594
593
591
588
587
586
583
580
581
574
575
573
570
570
568
566
567
564
563
563
562
562
558
556
555
554
551
551
549
549
546
549
545
543
542
541
541
542
540
540
540
538
537
537
536
533
536
532
534
529
532
530
529
532
529
528
528
526
524
526
523
522
523
526
522
521
521
520
518
521
519
517
517
521
515
514
513
517
514
514
514
514
512
512
512
510
508
511
507
508
508
510
507
506
511
507
507
507
507
504
506
506
509
506
506
508
508
504
507
508
504
503
509
473
531
504
505
501
503
505
502
500
502
503
503
502
503
502
500
501
504
501
499
504
498
500
502
497
497
499
498
496
496
499
497
493
496
499
494
997
506
507
506
509
510
507
506
507
512
505
508
510
510
507
508
516
513
513
521
517
515
518
526
534
534
542
553
566
571
576
584
587
586
590
603
616
620
620
622
623
622
611
601
595
598
601
600
605
615
610
621
639
641
637
649
656
650
639
644
650
639
637
646
641
632
638
637
626
621
632
641
636
625
631
633
637
634
634
643
645
640
650
658
656
652
660
669
667
662
669
675
668
664
672
681
681
674
689
714
724
716
721
732
726
710
705
714
723
715
708
714
723
713
692
678
683
693
695
707
735
736
729
759
775
763
746
758
772
762
765
781
774
758
772
783
771
775
791
784
769
778
793
778
780
799
802
797
809
812
793
767
757
774
790
792
817
846
831
832
846
836
820
831
842
830
841
855
860
844
849
862
844
854
877
872
861
879
884
875
875
886
875
860
869
882
868
877
891
886
883
900
920
900
902
915
904
889
898
921
908
904
920
921
903
926
964
941
916
928
927
902
917
937
925
916
927
947
936
933
946
956
938
957
976
967
962
979
990
956
961
980
972
972
992
993
976
1004
1021
993
992
998
984
977
991
1003
983
999
1015
981
981
999
985
970
987
997
974
985
1015
1003
991
1010
1020
994
996
1016
1007
979
999
1013
999
996
1016
1010
984
1002
1006
971
926
938
946
937
941
961
972
956
968
984
974
962
976
980
959
959
970
981
957
973
994
991
973
978
983
963
935
951
972
954
945
965
986
962
964
957
941
916
927
942
936
910
935
923
928
946
940
953
968
981
979
984
999
1005
989
989
1002
1012
998
997
1003
985
974
985
977
956
962
969
957
962
980
986
975
969
982
978
962
966
981
995
981
975
984
991
972
975
988
994
971
974
980
973
955
968
991
975
973
987
996
987
992
1002
994
974
984
995
973
968
976
976
969
973
991
1002
1014
1028
1024
998
1001
1009
1016
988
985
998
982
971
985
993
976
983
995
994
978
983
996
997
980
998
1010
982
931
941
932
943
952
946
957
974
972
967
980
991
994
987
994
1006
1002
979
987
984
974
968
986
975
967
983
994
983
988
1008
1015
1002
1004
1017
1015
992
997
1005
998
984
988
1003
999
995
1002
1016
1008
979
979
981
951
928
932
936
942
946
963
979
972
973
986
988
976
980
987
989
977
