785
772
760
770
774
771
787
792
792
803
800
797
784
790
779
779
780
785
785
762
760
760
780
800
821
801
815
813
814
798
796
769
772
760
761
777
782
797
834
860
835
855
867
858
872
863
885
908
894
916
920
932
921
940
936
920
928
902
924
932
917
936
929
915
927
903
916
899
914
904
912
900
924
897
913
897
903
901
912
908
919
884
896
901
894
914
926
907
924
932
908
917
918
884
881
850
843
847
840
862
884
879
905
920
895
907
917
892
889
896
898
882
898
873
892
897
923
916
939
943
938
934
918
912
922
904
912
937
930
924
907
928
934
918
886
906
924
916
932
945
954
910
927
932
913
900
917
917
884
904
908
901
890
905
923
910
909
928
931
904
917
923
921
895
904
914
898
895
908
914
921
898
909
912
904
876
891
899
879
898
906
911
882
887
896
905
893
896
876
887
854
832
837
850
858
854
886
869
899
895
891
887
892
894
901
887
905
914
896
911
914
912
905
919
921
920
909
920
909
911
915
921
895
913
919
920
898
903
909
876
890
890
858
868
875
854
854
867
867
848
867
877
871
867
883
886
858
878
893
899
885
878
884
882
865
859
869
868
845
865
882
889
861
862
864
855
836
845
854
856
844
845
833
839
842
862
855
855
874
878
885
882
889
884
872
878
878
896
856
853
862
855
828
802
821
818
837
848
838
860
880
886
868
885
891
878
885
900
904
891
907
913
897
916
894
874
884
893
892
895
905
899
913
922
931
908
919
920
906
905
910
889
910
909
922
931
918
916
882
874
885
894
896
876
889
901
886
900
859
861
871
873
877
870
880
886
884
890
892
864
883
885
877
848
852
859
857
855
871
869
891
861
882
894
879
898
902
873
874
854
869
868
870
848
863
858
834
821
841
863
888
891
911
894
908
914
910
900
865
872
868
852
869
868
839
854
861
840
864
860
864
889
896
892
906
908
917
883
901
876
895
885
851
845
845
858
864
849
863
860
868
840
815
822
816
806
802
796
787
797
788
796
792
798
775
780
774
781
768
781
771
772
762
752
703
710
718
687
695
696
682
693
684
684
697
668
690
681
662
690
674
666
658
669
663
658
655
659
663
652
652
658
659
656
642
665
636
664
643
655
639
652
640
668
647
652
650
645
646
639
642
649
639
646
635
639
646
651
645
641
643
651
631
635
648
628
631
629
635
640
627
625
648
631
635
621
651
621
636
644
630
634
648
634
640
635
634
633
636
629
654
627
645
640
642
630
642
628
649
631
638
658
647
644
636
679
644
650
645
642
668
642
654
641
659
641
655
651
635
653
656
636
635
677
640
652
640
640
657
636
648
633
646
656
639
640
646
642
640
641
640
655
634
640
638
643
631
636
629
655
630
642
626
646
635
629
631
647
626
630
635
629
632
636
632
641
641
640
634
685
663
659
760
745
703
686
674
676
688
676
663
673
670
664
657
668
677
679
688
714
719
724
716
726
719
732
718
726
725
727
745
748
762
750
757
765
769
769
764
746
740
729
730
738
755
740
750
758
761
760
742
748
757
761
762
759
763
753
765
750
735
740
741
726
734
741
761
771
748
760
776
784
787
765
777
792
784
801
807
802
789
789
778
779
781
789
803
802
798
796
766
762
733
748
761
757
755
748
668
688
680
667
675
673
705
644
703
646
676
681
721
648
777
688
728
700
675
963
859
836
813
836
795
799
812
805
800
807
811
797
811
825
799
770
785
779
800
812
808
808
812
810
821
824
813
817
822
825
809
786
760
756
750
732
724
684
669
684
658
698
656
653
659
654
644
667
655
671
700
642
679
660
671
664
672
663
666
680
646
657
626
656
635
645
642
647
646
658
648
635
644
642
659
614
661
646
643
660
648
686
638
663
678
624
674
681
642
674
701
625
708
648
663
675
656
688
713
666
960
826
807
812
799
770
760
766
771
773
792
791
801
813
805
782
848
833
809
817
800
783
785
782
801
793
813
819
827
837
855
858
835
854
845
862
855
826
804
796
794
805
815
819
795
820
818
812
793
799
798
773
792
771
796
776
800
804
814
837
872
896
907
906
860
866
844
813
785
794
795
806
810
833
833
860
861
869
879
887
860
865
847
831
826
804
812
818
808
818
829
831
841
821
842
837
809
820
825
812
818
796
780
753
770
765
770
756
704
724
689
710
718
960
868
855
859
858
859
853
819
833
835
831
815
827
817
834
841
835
845
785
806
813
822
838
833
854
873
885
897
895
884
837
842
826
805
784
795
804
804
821
842
840
861
861
863
875
890
867
871
862
853
833
832
821
810
829
838
825
843
816
831
830
819
832
829
842
847
850
854
863
855
868
838
836
835
811
824
833
840
849
833
823
832
836
813
827
835
838
820
847
846
828
841
836
818
829
824
819
796
835
842
798
800
806
804
801
812
791
811
822
833
844
850
813
828
822
808
808
813
825
838
854
840
851
839
837
839
842
849
838
849
843
840
854
854
840
848
844
847
846
844
843
805
827
788
796
794
778
779
798
795
808
799
820
829
823
833
826
843
845
816
829
813
813
813
825
817
834
854
866
873
864
849
851
834
812
793
784
791
777
788
770
745
770
771
786
790
764
770
754
716
747
758
688
749
747
689
745
722
743
705
745
743
702
750
735
771
697
750
750
767
735
730
786
692
766
808
788
754
775
795
995
887
860
874
875
849
869
879
873
872
885
899
885
886
873
871
863
842
849
856
867
879
890
896
886
875
871
856
856
852
839