850
866
896
901
882
884
907
908
879
880
891
870
845
859
850
819
812
831
823
801
798
820
823
811
813
832
835
816
836
853
840
864
878
876
859
892
902
877
867
894
899
872
891
896
884
865
903
885
865
892
887
881
867
896
899
870
897
902
897
885
915
923
903
922
939
959
938
949
965
938
926
957
962
940
908
935
951
940
914
914
926
916
883
913
914
888
885
902
915
896
901
927
934
911
904
927
930
899
901
917
916
893
893
905
911
881
884
904
908
885
883
900
909
896
892
923
926
887
889
911
929
917
896
931
941
919
912
948
954
921
929
947
937
908
937
937
908
923
936
927
901
923
933
914
893
914
921
904
898
921
907
882
911
918
893
903
926
907
896
933
930
905
938
934
910
934
943
915
932
946
921
931
955
956
922
943
956
938
915
941
950
915
920
942
938
918
931
950
930
901
927
935
920
904
929
938
914
893
922
930
907
921
932
935
904
925
933
896
897
923
921
894
907
927
921
897
916
917
891
902
910
894
883
910
920
906
892
926
936
919
903
932
933
898
915
928
911
897
924
916
891
907
925
929
900
900
920
905
888
924
924
899
925
929
900
914
930
928
908
920
930
910
896
915
921
893
905
909
880
860
865
854
871
885
879
862
881
896
879
862
891
895
878
873
895
890
864
887
900
893
876
904
913
900
889
917
925
903
924
941
912
918
943
943
920
941
939
919
912
931
925
903
919
926
911
891
915
915
890
896
915
913
896
903
912
894
886
905
912
892
892
910
903
882
898
911
909
887
910
917
896
886
911
921
894
897
915
911
891
905
911
894
876
901
909
892
884
912
920
903
912
929
910
899
935
936
909
926
938
920
899
923
932
905
902
926
924
898
919
924
896
895
917
911
894
917
928
896
891
910
917
891
899
894
869
901
874
883
885
884
861
850
851
859
837
852
834
847
847
832
838
851
826
846
851
844
828
840
841
827
842
831
812
826
806
781
789
800
773
768
776
762
758
767
764
748
765
759
740
746
757
749
739
744
750
737
741
743
736
728
605
849
732
720
721
720
743
734
739
756
761
759
768
778
791
808
793
792
799
789
811
787
768
775
782
769
764
773
763
753
760
754
732
743
748
738
742
747
740
739
761
744
736
751
754
744
742
759
739
746
749
744
736
750
752
732
734
753
745
735
732
739
725
729
748
723
717
734
730
723
722
730
719
730
732
712
725
735
729
723
729
732
722
738
733
722
730
741
736
729
734
733
725
737
728
712
723
730
722
719
717
722
713
725
724
708
710
724
710
711
718
715
705
712
726
709
704
719
717
707
714
720
708
712
722
717
708
707
714
726
707
700
715
723
717
718
734
730
729
732
740
733
731
748
734
731
751
750
738
742
769
767
755
754
769
766
762
752
772
771
763
759
786
791
785
793
813
805
809
816
817
805
814
805
781
793
788
779
773
770
771
773
770
798
801
795
792
820
834
838
827
834
854
847
822
833
846
841
817
822
829
825
807
823
824
829
820
839
848
843
815
829
849
838
818
849
860
826
856
861
848
841
876
852
835
847
835
820
817
820
848
863
864
858
891
900
872
854
884
879
856
851
860
850
829
860
872
854
849
890
905
879
885
914
903
882
922
934
909
903
931
924
896
920
918
898
892
917
926
906
891
918
920
893
903
917
916
890
902
925
911
888
908
914
894
881
912
912
892
899
917
908
890
914
914
889
894
907
907
882
914
925
898
893
921
916
896
920
936
908
899
935
945
918
928
949
938
920
958
949
924
952
943
917
944
936
901
915
925
917
903
927
931
896
908
922
923
898
902
920
902
888
919
917
902
917
940
931
919
937
946
922
911
942
938
909
941
945
930
918
937
938
910
940
945
918
912
939
929
908
930
942
912
911
938
920
908
934
935
912
926
943
926
917
946
933
920
955
953
933
962
961
930
957
962
929
938
962
945
962
982
970
946
983
972
946
982
981
950
949
965
952
929
958
965
951
947
973
962
930
951
962
939
925
950
940
914
939
943
923
919
948
941
925
950
953
934
940
955
940
928
950
948
919
939
946
907
893
928
935
909
927
943
938
924
946
959
933
954
960
953
940
972
979
950
962
969
953
935
955
959
939
927
952
953
930
946
954
933
910
935
944
918
922
945
939
924
957
967
936
940
960
951
934
957
957
926
940
953
938
918
948
945
938
925
935
896
927
923
914
887
891
897
905
910
905
880
906
898
885
892
922
912
931
943
935
927
