837
818
838
847
833
851
845
824
822
860
875
891
849
815
844
856
837
823
844
876
868
858
871
893
880
854
884
894
872
868
874
880
850
859
884
880
856
886
898
857
872
868
844
848
858
852
855
864
856
842
870
855
838
847
861
829
827
851
854
829
842
874
843
860
859
826
833
846
848
818
848
849
844
840
847
841
811
835
855
850
832
837
852
839
826
846
856
844
821
822
862
867
874
856
819
836
842
833
818
832
833
819
831
831
835
827
838
832
824
831
830
827
834
847
834
820
835
828
813
821
832
814
816
826
813
804
825
814
808
804
813
800
802
809
806
803
823
818
804
813
812
818
814
812
819
805
801
812
818
813
800
817
816
813
800
807
814
799
798
822
813
792
807
811
805
800
824
835
817
813
826
816
809
823
823
814
824
824
813
827
829
813
819
821
816
805
813
814
798
797
807
803
792
811
824
800
817
825
815
815
834
827
812
835
846
826
815
835
836
818
833
836
818
830
829
820
817
844
843
824
849
854
825
831
835
809
816
828
817
805
821
827
814
824
835
821
823
836
848
824
831
838
823
830
841
835
818
838
833
815
832
834
818
819
825
817
804
824
822
804
814
822
811
815
819
807
809
814
815
803
812
823
810
810
814
801
801
810
806
794
806
809
800
800
813
815
796
811
822
818
795
819
825
809
808
813
813
795
793
817
818
815
787
789
793
782
770
777
778
771
766
771
771
762
760
763
757
756
754
769
767
790
811
803
793
805
811
798
786
792
814
819
822
801
797
802
804
783
801
810
816
802
801
808
810
810
801
809
818
810
797
815
813
813
795
801
810
818
802
807
824
823
809
809
821
813
827
809
812
819
827
807
804
815
812
796
801
813
811
791
806
811
804
794
811
813
799
801
820
811
799
812
819
805
807
818
810
810
823
841
815
835
833
813
812
821
812
834
848
816
789
798
788
784
804
780
794
793
784
808
809
799
822
820
800
821
823
811
833
824
800
829
812
811
824
813
823
835
812
822
826
804
799
782
765
753
748
749
732
735
726
729
730
721
721
713
715
713
705
708
704
704
702
703
706
703
703
704
700
706
697
700
705
694
699
694
695
693
690
696
688
689
689
684
688
688
690
688
686
687
683
684
678
680
676
678
688
681
680
680
684
684
679
679
678
673
675
669
671
673
661
664
665
659
662
656
655
655
651
651
651
651
653
652
651
650
651
652
646
648
651
647
650
651
646
648
645
643
647
636
637
641
632
641
644
635
646
638
640
642
630
638
633
626
637
623
604
608
633
638
643
643
648
642
648
643
638
646
634
639
634
635
638
628
639
635
635
640
627
638
631
633
635
628
640
633
638
637
636
640
628
636
634
631
637
631
634
635
631
638
634
633
639
629
632
627
627
629
610
620
613
615
621
612
624
615
615
611
608
621
611
612
619
608
617
625
616
631
644
637
662
655
674
668
661
673
662
654
663
646
652
652
646
660
644
653
665
640
641
662
666
665
657
656
653
647
643
638
640
653
646
655
665
673
665
692
693
697
676
687
691
679
689
679
674
685
689
674
682
692
688
677
693
690
688
702
700
689
713
705
700
715
708
710
719
699
704
712
696
704
702
700
706
709
713
700
709
719
707
718
712
706
714
721
711
706
725
724
712
726
729
718
730
752
726
733
738
718
727
734
717
720
668
743
728
720
709
722
724
714
727
729
718
729
737
727
727
734
717
724
733
718
714
724
744
730
737
739
741
736
732
730
731
737
718
726
760
741
754
742
742
748
728
732
721
720
718
706
708
713
706
703
716
718
708
716
728
718
717
733
731
726
738
731
719
731
736
733
737
753
768
759
750
765
765
752
763
777
754
757
775
784
766
768
777
773
757
769
754
750
760
768
747
759
770
754
740
763
760
747
743
757
745
733
741
763
776
784
787
760
750
773
789
800
806
783
765
765
779
794
789
771
768
767
755
749
766
758
740
756
768
753
768
772
756
773
773
760
765
767
757
759
771
764
758
771
777
761
774
789
770
771
784
781
759
782
773
757
775
775
762
768
780
771
759
781
781
765
770
782
766
757
772
770
750
765
772
756
753
759
752
749
739
757
775
787
775
770
778
805
820
810
789
818
823
784
794
807
776
771
786
785
763
779
798
772
789
813
813
779
798
813
815
787
809
795
820
831
805
804
821
792
795
804
789
809
820
810
786
811
831
846
848
800
790
802
823
801
787
804
813
822
802
779
799
819
836
843
806
817
795
805
823
800
789
815
830
813
813
836
816
812
820
809
789
796
798
783
803
794
778
800
818
805
804
823
826
807
833
840
806
813
822
799
775
774
753
763
754
741
739
746
761
797
827
828
800
790
813
818
814
814
818
819
794
780
784
772
771
782
795
779
765
771
764
756
776
786
795
780
775
789
786
773
792
797
776
778
801
786
775
780
790
773
772
798
812
841
836
819
852
844
836
821
829
820
812
807
821
823
810
811
823
827
800
801
797
790
795
812
795
809
829
812
827
846
821
828
837
816