932
927
917
921
905
928
951
956
952
882
896
903
903
860
884
896
857
874
903
918
878
908
922
926
895
913
936
936
893
911
924
928
915
889
905
914
914
915
890
915
932
920
903
911
921
917
878
896
897
896
860
894
901
872
891
902
862
887
888
869
858
880
893
864
890
904
909
898
926
945
928
934
938
943
912
927
927
904
868
882
904
880
884
904
891
863
878
872
838
844
854
838
821
851
864
848
865
881
865
847
865
866
878
857
881
901
903
919
883
907
908
895
872
909
911
903
879
916
924
918
903
925
926
893
911
922
899
896
933
919
888
910
907
869
885
891
861
890
899
880
869
902
909
871
897
899
872
886
907
924
904
914
925
898
883
906
924
920
895
918
935
912
909
931
928
887
915
931
897
900
916
914
880
905
909
899
898
934
923
881
910
921
897
890
900
906
875
897
901
875
892
896
908
884
911
927
927
897
919
932
926
889
907
923
894
915
915
894
893
900
897
859
887
892
861
871
890
883
851
876
883
855
864
874
876
855
884
896
896
881
910
930
915
916
938
936
899
920
923
884
902
913
887
867
897
912
887
917
932
901
912
926
908
877
903
896
871
896
901
884
871
896
897
862
887
885
860
856
874
893
860
890
915
897
874
901
919
874
886
885
867
846
873
895
876
907
915
884
881
888
886
856
880
896
892
880
913
940
918
898
928
944
908
916
921
911
906
917
931
887
917
925
901
896
924
927
891
926
939
912
928
935
929
897
922
928
913
889
913
931
901
918
930
910
874
897
894
860
886
898
889
882
910
896
862
889
898
891
878
906
921
897
906
930
928
913
882
896
899
897
878
900
914
908
878
912
912
882
895
896
883
854
878
881
846
854
871
871
843
868
878
883
861
884
911
900
881
926
941
906
916
943
920
882
914
912
879
897
913
896
890
918
931
894
925
937
941
890
864
845
828
812
803
798
799
771
771
767
750
767
756
758
770
768
776
787
790
780
776
755
747
750
731
740
729
709
719
715
696
708
702
687
689
673
673
670
656
653
654
642
646
645
631
639
644
628
638
635
629
633
627
624
627
617
623
619
617
614
617
616
609
613
612
607
608
605
602
604
602
599
600
597
590
595
590
585
590
587
580
585
588
577
582
576
577
579
568
569
574
567
566
570
559
564
561
565
448
662
560
526
586
557
556
562
550
559
561
449
655
554
552
556
552
553
549
549
546
544
550
550
436
650
549
544
548
542
548
541
538
544
526
417
672
534
539
532
531
537
425
620
527
524
529
524
523
527
523
519
523
516
523
527
521
524
525
519
521
528
523
523
527
523
520
521
515
520
521
514
521
516
511
513
517
522
519
514
517
517
509
519
518
513
519
518
510
516
516
514
519
517
518
519
518
521
515
520
515
511
514
512
507
515
511
515
512
508
518
513
515
516
513
508
515
505
513
509
506
514
511
509
513
506
504
508
500
507
504
500
510
504
504
506
502
505
505
514
519
521
521
535
533
536
544
545
545
547
549
549
551
554
553
558
563
572
569
574
581
577
590
590
587
580
583
589
598
609
614
617
627
635
638
650
658
656
638
643
645
652
662
678
679
683
690
685
687
704
694
708
719
732
739
758
734
767
753
737
761
745
747
766
740
715
731
727
757
720
739
774
744
760
770
797
744
763
750
749
787
766
786
733
725
729
717
719
749
750
741
741
770
757
740
739
769
772
762
771
818
799
776
808
825
782
777
807
795
780
815
847
808
792
816
810
783
778
825
814
790
805
846
836
802
822
854
823
803
831
865
822
806
843
853
806
810
840
836
794
802
820
808
789
821
845
808
812
839
847
803
810
830
810
799
841
855
820
818
862
834
821
876
905
867
869
900
842
839
869
848
830
860
897
921
896
884
907
918
852
866
891
897
885
841
855
885
892
857
879
863
856
893
906
888
845
879
853
839
884
851
832
873
891
847
884
896
848
863
875
844
880
875
862
894
875
854
888
872
840
824
809
786
844
897
905
916
926
910
887
897
903
857
876
873
854
858
898
869
848
891
902
888
871
918
916
880
917
944
921
887
927
937
890
891
907
903
868
897
909
877
900
913
879
896
914
888
891
896
888
861
885
885
870
904
925
895
860
889
905
875
844
843
877
896
910
882
854
891
897
872
849
854
883
901
869
885
906
890
866
889
915
887
857
889
901
872
854
887
898
905
856
898
933
894
863
900
917
896
865
896
904
896
868
852
875
888
894
855
875
897
914
911
893
948
952
961
970
959
947
947
947
952
970
960
938
881
893
896
898
845
829
852
859
831
827
859
888
854
848
880
867
841
869
891
853
858
899
889
916
896
874
851
881
896
873
858
898
906
868
897
917
888
866
886
905
901
867
884
909
906
877
900
922
904
876
906
912
889
860
883
883
877
863
900
918
905
881
902
910
926
934
901
933
948
958
950
954
944
937
944
942
950
941
960
964
948
915
860
841
844
863
882
899
914
917
870
899
901
897
875
854
843
843
832
813
792
790
815
841
857
