782
793
798
784
781
803
804
803
801
798
791
802
789
783
788
791
791
776
782
798
783
785
792
794
798
785
773
779
784
789
781
777
784
790
788
783
791
795
796
785
790
799
794
788
797
807
800
788
797
801
790
774
782
785
785
786
782
798
798
798
790
789
802
791
783
784
784
776
780
782
774
782
791
788
782
791
806
788
785
795
801
787
790
794
791
782
787
796
788
788
798
791
780
788
795
788
779
789
798
786
789
787
775
779
809
799
801
801
802
806
805
806
809
814
816
814
819
818
826
823
826
818
809
805
807
807
790
784
781
776
767
772
770
767
778
776
771
780
787
775
783
790
783
779
790
799
794
787
794
803
800
792
801
812
800
794
799
812
808
804
810
817
808
794
801
805
790
789
795
794
785
796
797
798
792
804
803
796
804
813
809
798
804
813
797
796
800
797
791
799
800
792
802
809
798
799
810
810
800
813
816
807
802
815
820
801
808
814
820
799
804
812
812
802
807
819
816
800
804
810
794
801
807
793
808
813
801
799
812
813
800
811
798
805
810
805
795
808
808
803
799
806
813
807
800
810
813
816
808
805
810
820
816
804
809
814
813
802
813
813
805
813
815
803
805
810
814
797
809
810
799
814
814
808
798
810
812
806
800
807
812
803
787
799
798
782
790
794
799
792
787
797
808
794
799
812
813
817
800
807
811
807
801
806
810
801
790
789
812
806
813
812
813
805
813
818
818
812
823
822
830
828
825
834
829
825
817
817
809
803
804
809
809
800
802
810
811
799
813
817
802
813
811
792
800
808
808
796
805
816
812
807
814
821
811
814
823
827
822
827
830
820
817
825
829
813
822
823
823
810
817
820
823
812
822
827
811
814
822
814
803
815
820
818
802
814
804
791
786
796
787
781
775
772
781
789
781
790
784
780
778
781
792
796
812
831
818
823
838
833
836
830
836
840
845
825
834
838
820
814
823
825
809
802
805
802
810
812
801
812
820
806
811
816
798
796
793
777
764
762
765
759
762
1516
757
760
766
763
771
773
783
789
787
782
642
872
769
750
749
439
306
541
1660
734
360
364
722
720
716
716
719
717
1429
712
707
712
697
704
700
703
692
692
688
686
688
686
2029
677
671
670
671
672
666
662
658
665
657
657
658
656
655
651
656
658
655
657
1304
650
644
647
645
645
645
638
640
639
639
1279
640
638
639
638
640
638
635
637
634
636
636
633
634
630
633
629
627
630
626
627
624
624
624
624
626
624
623
619
617
626
622
625
625
627
631
636
637
637
641
643
641
648
645
642
646
647
645
650
647
649
650
660
656
656
664
664
663
665
667
667
663
663
666
667
667
672
667
664
660
434
891
659
650
650
646
643
646
641
639
640
636
638
634
634
630
635
520
742
626
625
627
628
619
618
622
619
618
620
620
625
626
627
629
624
630
628
625
629
631
1265
629
634
638
635
640
635
640
637
646
648
653
651
646
649
655
659
661
660
664
671
670
673
669
672
670
668
669
668
672
677
678
673
673
677
679
676
675
676
680
676
676
676
674
672
672
674
672
670
674
675
670
674
671
669
667
668
665
664
660
659
657
658
658
659
665
668
667
668
664
666
664
665
659
658
659
656
656
659
661
662
662
664
661
655
657
665
667
662
653
668
664
660
658
654
664
662
659
656
661
657
653
649
670
667
670
674
677
684
691
696
688
677
700
684
676
678
671
662
664
668
673
677
673
688
685
685
689
699
699
697
693
691
692
689
479
870
574
840
717
708
704
698
708
717
729
729
729
729
723
725
726
723
724
730
729
725
721
727
734
728
724
723
729
727
723
727
737
729
738
738
737
741
745
754
746
750
757
752
746
745
739
740
731
720
713
337
374
701
696
691
699
692
693
689
689
690
695
697
703
710
712
716
726
734
736
733
746
750
751
751
756
750
747
753
758
746
742
750
753
750
756
749
744
742
746
744
746
740
745
742
742
737
732
737
741
745
744
748
753
754
746
744
740
731
728
727
734
724
729
743
743
739
755
768
771
769
770
775
791
779
784
796
785
787
800
784
778
773
772
773
768
771
771
764
768
777
770
779
782
775
774
771
776
783
782
773
779
781
772
781
782
779
779
789
775
778
775
775
772
780
773
776
781
775
779
785
787
777
771
779
779
776
772
771
769
773
770
773
773
777
772
780
780
781
778
777
779
802
805
787
797
795
791
779
774
765
760
757
764
756
757
761
762
771
769
767
777
771
769
776
777
771
777
783
779
788
790
778
784
786
794
784
786
787
784
788
783
787
784
779
790
785
781
786
780
774
776
777
777
773
776
780
777
779
783
783
784
789
777
777
779
776
779
786
771
771
772
767
760
766
764
758
764
766
769
761
770
768
771
776
775
777
778
769
769
771
770
769
773
775
774
788
789
785
786
803
788
793
797
794
790
797
797
785
793
796
789
789
793
791
786
787
785
787
797
787
789
791
790
782
786
795
785
791
795
790
782
791
783
782
772
774
771
768
769
762
766
763
763
770
768
766
768
771
770
773
776
772
773
778
770
771
779
777
775
779
776
776
779
773
777
780
778
773
778
778
775
772
777
779
778
781
784
782
779
787
774
778
784
772
773
776
775
768
771
768
765
766
767
771
762
771
767
762
769
768
769
768
773
770
763
769
769
766
770
758
762
753
754
756
761
761
764
769
769
769
767
770
751
750
749
752
754
754
757
770
766
770
772
757
763
765
768
768
768
765
770
770
777
771
763
767
768
767
763
758
763
767
769
770
768
757
758
760
769
773
765
773
785
786
792
791
784
790
809
797
794
794
793
801
797
815
791
792
792
794
786
783
791
791
774
774
774
775
773
781
774
765
766
759
755
752
752
754
750
748