711
706
697
707
692
672
699
693
677
686
700
721
673
700
698
683
689
692
722
723
688
707
715
714
689
696
725
689
691
714
731
701
697
687
702
680
674
688
721
672
689
702
723
704
691
681
766
921
876
842
793
734
723
718
702
699
685
696
710
707
743
720
710
711
743
749
760
712
758
728
699
754
727
718
704
706
710
700
691
683
696
674
678
679
702
672
695
688
699
680
692
706
710
698
699
688
713
694
707
698
729
723
704
714
707
720
690
690
706
725
687
701
704
713
696
681
701
681
705
688
689
708
700
692
717
719
695
678
672
674
684
679
681
724
708
689
690
712
698
711
683
708
703
724
694
690
724
705
690
687
701
703
698
695
700
722
704
689
675
686
690
679
676
703
694
709
684
679
720
709
729
709
694
696
687
692
682
679
707
690
695
701
729
712
693
695
685
710
666
705
677
713
683
707
699
715
687
687
725
678
684
675
690
672
674
660
673
682
667
677
679
681
674
682
677
689
691
669
695
691
701
689
692
699
723
692
694
685
715
699
687
704
691
728
684
687
683
693
700
677
679
673
817
771
782
763
734
712
705
709
706
687
678
695
718
698
729
737
772
775
776
755
746
738
740
705
728
719
733
721
715
679
689
680
671
667
669
668
661
655
647
663
660
683
673
699
676
699
683
716
697
676
691
694
698
688
672
687
698
681
677
670
677
716
730
738
752
775
812
779
781
817
808
809
751
730
733
727
728
708
708
703
712
715
689
689
675
681
719
696
694
701
739
748
737
731
716
711
719
717
690
690
692
721
726
706
695
726
723
733
719
705
717
755
757
735
749
736
753
738
709
707
722
736
719
707
693
696
696
713
692
684
713
686
702
672
674
728
859
800
742
712
672
674
682
682
682
691
688
700
698
688
700
738
743
737
746
718
770
779
766
751
756
770
747
720
728
732
717
704
695
712
734
756
704
712
719
729
701
712
688
733
738
720
726
727
731
749
729
717
738
736
741
711
717
703
740
693
701
703
728
732
703
690
706
703
697
693
693
707
709
716
697
701
704
729
694
689
703
698
738
739
703
703
721
704
704
682
692
692
688
680
673
670
686
660
658
666
696
667
661
689
690
694
673
686
687
693
696
672
682
670
671
681
688
695
675
668
678
715
664
672
685
686
700
684
677
675
811
764
760
747
718
702
697
704
680
655
645
629
635
646
664
658
664
671
676
669
667
669
657
667
655
651
649
650
624
608
597
596
584
576
573
570
568
569
565
567
568
563
563
565
565
559
557
565
562
557
556
560
553
565
561
558
550
558
552
550
548
546
543
536
540
541
535
539
536
537
528
536
535
538
531
531
531
526
528
525
525
522
523
523
521
521
525
523
521
521
521
521
514
520
519
521
513
516
515
517
513
513
512
512
511
513
511
516
513
512
511
514
517
512
513
511
511
510
507
509
509
508
505
508
512
510
509
508
516
523
519
515
515
513
514
514
516
509
515
510
509
507
505
504
502
501
501
504
501
502
503
503
501
498
500
499
500
498
500
502
502
500
497
499
497
496
491
497
496
496
498
497
498
496
494
492
496
498
497
499
498
503
496
494
488
494
492
495
493
495
498
497
499
494
498
497
495
494
494
493
492
496
494
498
497
494
494
495
498
497
497
499
499
500
492
500
495
495
494
494
497
495
494
492
494
490
487
483
487
488
485
485
489
486
483
481
482
487
486
487
487
484
487
484
486
489
485
481
481
483
483
481
484
487
490
484
486
488
481
479
479
480
477
481
486
521
523
507
508
986
486
486
481
494
495
501
501
503
504
522
518
517
518
534
524
513
543
550
521
521
516
515
512
516
525
526
529
533
521
543
533
533
520
535
539
530
538
523
538
545
540
541
535
538
539
536
526
526
526
541
575
548
534
531
536
549
546
552
533
550
553
550
545
558
552
571
568
553
564
571
572
563
565
564
565
567
551
556
571
561
554
556
566
567
567
560
570
564
580
572
573
559
580
614
637
602
601
573
571
584
574
563
576
577
579
570
581
577
588
590
590
587
584
597
576
589
573
603
597
586
599
580
612
598
608
583
588
599
647
751
748
631
618
610
667
674
656
627
607
644
628
627
600
635
629
633
611
624
624
627
602
633
631
627
614
619
637
631
624
622
627
633
632
628
600
628
641
954
817
746
687
644
657
642
615
619
633
627
610
623
635
642
632
631
653
655
634
629
628
639
629
614
609
620
620
620
606
620
616
653
642
635
609
621
607
625
597
599
591
598
614
611
626
609
635
627
644
605
620
605
598
602
617
615
623
609
630
629
646
653
630
636
636
642
630
623
632
642
643
633
628
645
653
650
637
628
638
645
644
624
633
638
639
646
637
641
635
639
634
612
630
611
629
865
721
655
628
610
596
583
572
575
566
566
565
574
581
587
594
594
578
586
594
600
598
577
585
591
590
593
583
581
600
594
599
601
582
596
596
609
601
594
610
610
608
610
608
607
626
631
632
622
625
624
622
619
615
631
627
628
618
620
617
617
625
628
629
620
616
625
630
620
610
607
599
595
595
597
612
610
620
623
628
632
620
634
634
631
646
639
655
633
641
637
637
636
624
637
643
672
639
639
638
642
637
628
619
624
633
612
613
612
661
674
644
636
639
636
634
642
637
631
634
641
647
642
641
645
646
654
636
636
635
654
659
663
649
640
641
638
625
629
631
639
667
649
647
658
664
654
646
660
669
651
646
648
660
659
657
659
655
670
665
653
662
676
671
663
651
658
658
671
644
656
649
667
664
653
650
668
670
669
659
659
659
670
658
656
680
678
673
655
657
662
676
662
652
663
663
656
646
632
628
646
735
692
685
686
652
648
642
646
635
633
634
647
648
652
646
652
657
646
641
643
646
635
626
628
635
634
621
614
619
619
604
607
601
606
607
604
611
611
616
618
616
622
622
634
627
624
627
626
641
635
628
632
638
636
623
625
618
625
621
618
619
619
629
626
626
627
633
633
621
621
616
628
631
627
619
618
620
634
623
622
613
618
622
617
610
614
621
623
611
620
607
614
623
617
618
620
635
640
622
625
625
636
637
629
616
626
631
626
620
609
616
619
626
616
614
621
625
622
618
609
616
613
615
604
604
605
622
624
626
618
624
629
638
632
624
621
633
769
