750
757
781
792
772
789
796
782
781
788
799
789
780
796
807
789
804
830
819
804
820
821
796
820
820
813
804
835
822
826
836
867
821
825
836
814
788
757
760
750
755
790
774
779
788
807
781
796
806
797
780
814
798
803
812
823
795
781
799
772
766
779
775
762
773
776
757
765
782
773
780
805
808
788
786
805
808
789
788
788
799
789
795
798
782
788
819
830
804
819
819
831
812
843
814
793
803
812
788
813
808
797
787
798
800
780
771
774
775
765
771
775
771
788
820
831
804
851
853
820
819
853
854
813
811
857
830
836
835
882
886
835
845
834
836
860
830
818
819
823
804
796
805
814
788
797
807
788
778
791
790
774
750
739
756
752
749
749
761
751
748
765
770
756
771
800
773
779
796
830
797
826
837
821
812
844
822
804
803
830
798
820
842
848
802
851
860
830
826
851
838
820
818
819
814
805
818
829
798
803
820
822
804
820
821
813
811
827
799
797
803
813
806
787
805
829
790
795
813
814
803
812
829
806
812
827
808
813
804
844
815
804
803
813
815
788
812
820
798
828
835
854
813
826
858
846
827
836
845
813
819
835
831
812
812
838
796
812
836
822
797
826
820
798
796
805
806
796
780
789
798
789
788
820
813
789
811
821
830
796
835
828
830
796
812
829
797
795
797
799
788
796
820
814
797
812
812
799
788
828
814
796
795
820
799
798
794
806
799
788
819
820
823
795
835
829
805
795
828
791
786
757
792
813
813
820
820
815
803
813
820
790
789
779
782
766
757
751
743
731
759
732
751
743
748
773
752
749
756
773
760
765
765
797
791
780
772
758
744
727
718
710
751
768
739
782
797
791
796
796
798
783
780
779
797
807
796
827
820
799
834
837
846
820
834
867
854
826
828
844
822
803
835
838
821
811
828
830
812
806
813
806
795
813
823
803
828
846
820
818
843
831
818
844
838
820
827
837
806
812
827
846
797
826
819
799
797
805
790
778
798
798
773
771
789
790
781
780
781
760
771
797
790
773
804
805
798
781
805
805
799
771
804
790
799
771
813
805
807
795
813
837
813
804
818
840
812
828
791
784
766
767
763
773
748
757
750
720
732
718
741
704
709
709
729
711
702
718
712
702
727
727
718
726
739
707
692
675
1329
654
658
663
648
646
656
636
648
634
636
641
621
625
622
617
604
614
604
591
597
594
586
576
580
576
1149
560
1132
566
1128
562
563
553
561
558
555
553
559
549
556
546
1104
547
1109
1090
1088
551
553
537
548
542
540
551
537
538
530
537
526
534
535
526
537
524
529
1054
524
530
516
533
522
1036
511
525
524
528
517
538
521
534
527
537
1064
567
561
547
563
566
560
569
560
569
564
576
571
570
572
577
578
577
565
571
584
563
586
569
579
596
588
581
566
573
577
1140
563
308
268
561
575
559
565
558
560
554
1104
557
541
545
550
1639
549
540
539
554
527
545
535
546
532
1504
652
544
287
778
543
528
523
542
1059
534
1578
917
694
518
991
679
1400
548
1188
1422
1588
1617
1053
531
1074
548
1088
568
552
563
549
563
556
567
554
588
586
578
576
587
588
576
578
593
579
586
586
585
603
594
612
618
622
610
649
642
631
649
640
667
631
657
659
639
649
694
664
656
678
688
663
704
696
678
687
714
693
679
775
694
751
681
727
729
710
766
728
732
757
770
708
781
718
752
718
774
711
734
764
711
809
707
781
749
734
736
758
710
735
744
717
734
813
694
820
815
771
852
792
734
903
832
757
796
784
731
806
740
824
708
767
758
838
727
782
757
756
775
749
741
731
735
727
724
714
735
708
705
725
736
709
731
766
737
733
815
732
835
865
840
857
885
844
836
813
767
724
765
822
795
820
836
813
833
792
775
749
803
757
768
759
741
740
791
755
906
878
818
891
838
803
844
854
765
859
868
914
843
905
814
857
901
873
990
902
835
942
887
844
871
1004
859
856
899
838
857
922
1033
1000
967
971
950
957
889
896
893
843
875
869
843
827
797
766
750
748
789
829
805
804
830
804
779
787
784
771
790
782
746
769
750
732
728
736
724
750
752
757
757
753
741
734
719
728
717
733
744
749
739
761
754
740
727
757
760
752
743
757
757
768
772
780
790
781
771
797
805
774
766
755
735
760
756
797
813
803
800
779
853
820
813
822
811
815
785
830
811
830
826
827
862
842
845
843
837
780
877
788
867
860
836
837
826
844
853
780
915
842
861
833
860
842
867
877
820
812
894
795
900
819
828
853
854
826
859
845
851
860
852
836
854
834
859
855
842
860
835
868
843
852
859
838
826
844
847
825
837
836
835
852
854
802
884
805
819
861
787
885
788
829
802
813
821
799
795
813
813
803
813
806
845
786
844
844
830
803
853
798
801
830
822
812
828
828
830
824
830
827
827
844
806
826
846
822
802
806
799
794
807
772
752
756
765
821
812
820
805
803
821
807
796
813
786
815
795
822
813
827
814
811
821
805
803
814
805
803
814
813
796
813
808
804
795
807
788
804
807
813
803
805
805
788
790
780
771
781
748
757
745
754
747
756
784
749
741
750
741
751
734
733
740
751
742
740
766
768
756
759
767
750
765
765
783
772
783
787
782
771
769
766
758
756
766
782
789
781
775
771
772
789
797
783
779
782
789
813
811
821
815
803
820
831
818
