744
754
745
730
731
740
737
723
715
704
684
675
690
712
713
720
744
767
771
752
745
779
800
807
771
757
770
750
737
766
778
784
768
771
771
766
753
726
724
722
718
713
733
762
779
769
785
794
793
789
812
828
822
799
812
804
786
777
790
783
787
798
817
820
810
789
776
771
772
806
822
835
813
787
754
736
737
750
745
761
781
799
793
795
823
832
827
831
847
834
825
817
828
801
801
816
812
791
798
788
807
804
779
785
788
771
759
786
810
809
804
799
774
790
794
781
784
768
763
749
754
751
757
753
753
764
760
774
786
771
771
786
762
760
782
806
822
814
774
774
785
790
788
786
788
794
812
800
805
801
823
840
831
805
788
761
753
757
780
809
793
763
759
763
776
799
796
787
785
772
760
743
708
698
724
738
730
736
743
748
745
770
806
796
779
766
770
767
757
735
732
736
742
737
764
792
776
750
743
752
745
750
763
791
789
778
745
738
738
756
752
748
753
780
824
807
804
810
815
795
792
782
766
771
787
796
807
796
829
829
834
816
817
807
788
771
771
784
804
802
783
777
785
807
804
813
792
776
772
791
779
771
771
797
796
794
800
814
830
802
795
805
804
782
773
787
789
764
755
751
758
780
769
756
772
777
781
758
771
784
789
766
771
789
795
802
776
753
767
768
782
775
783
775
764
755
737
725
717
724
728
721
710
709
713
720
723
721
737
757
776
749
771
784
771
799
812
829
787
792
793
788
797
786
779
746
742
755
757
761
759
750
722
707
709
703
705
705
699
696
689
703
714
716
731
758
766
765
768
788
788
773
785
785
788
790
777
759
731
714
722
722
723
746
760
779
792
791
768
771
761
765
747
729
720
715
724
750
756
749
771
777
792
809
816
813
808
780
771
767
776
756
757
776
784
775
754
745
734
709
691
700
699
711
740
765
750
741
753
767
765
743
735
733
735
729
730
732
753
765
785
768
767
776
779
769
757
771
789
791
813
806
805
778
771
768
755
734
718
730
768
775
766
754
735
745
719
695
695
698
700
718
737
742
729
727
724
725
723
730
729
744
738
737
756
780
782
785
761
728
705
700
704
712
709
708
726
745
745
737
756
781
765
763
766
773
767
759
764
777
790
776
766
759
763
750
773
769
750
732
736
735
721
728
728
720
712
701
683
687
712
742
778
759
771
761
783
789
786
779
768
740
718
710
689
679
677
683
695
725
745
795
798
797
793
776
794
775
773
749
753
759
767
795
806
804
795
781
784
784
783
785
758
736
744
771
776
777
787
761
742
758
769
776
791
806
807
790
783
781
735
710
696
668
661
646
656
660
658
657
670
671
665
662
655
648
646
648
644
629
625
632
683
723
737
744
736
722
729
726
710
688
686
686
688
683
692
677
674
670
674
672
671
690
666
670
662
666
655
662
662
658
664
658
660
672
667
655
646
650
648
648
643
634
639
641
639
632
617
604
594
588
577
573
568
562
559
553
552
546
546
542
542
536
538
534
529
527
527
523
523
520
522
519
516
517
514
516
516
513
514
512
510
512
509
510
508
512
506
506
508
504
507
504
503
505
502
499
498
498
495
498
491
493
490
490
489
488
488
486
485
486
483
482
485
482
481
480
481
479
476
480
478
477
480
473
475
477
475
472
477
469
469
472
469
465
472
464
465
465
461
460
462
460
459
460
456
455
458
451
455
453
452
450
451
450
450
449
449
450
444
449
446
445
449
445
446
443
449
442
446
442
446
444
443
443
445
444
443
441
444
444
443
444
443
442
444
440
440
442
442
442
437
439
438
438
438
437
437
438
436
435
438
435
436
437
436
433
435
436
434
433
434
431
434
432
432
433
431
433
436
435
433
433
434
434
434
437
433
433
434
435
434
433
436
435
434
437
432
438
435
431
436
433
434
437
432
433
433
431
433
433
432
428
432
434
429
430
429
428
432
433
432
434
432
433
433
434
434
431
435
432
433
433
430
866
437
433
435
433
433
434
433
433
433
430
433
432
433
436
432
431
437
429
437
435
436
435
435
435
436
438
434
438
432
436
433
433
436
436
434
437
434
438
438
438
439
443
443
446
448
448
449
446
447
444
445
442
443
441
442
445
442
443
444
451
452
453
459
457
460
461
464
461
461
461
462
462
461
462
460
459
460
459
459
458
459
458
461
458
458
460
463
465
465
472
481
482
479
482
483
484
483
485
487
483
482
484
476
475
477
469
471
470
472
468
468
474
476
477
479
480
481
483
487
485
487
489
495
495
499
496
498
502
507
509
508
509
509
513
511
508
509
506
503
505
512
518
515
522
530
534
529
535
540
542
538
535
529
526
521
520
520
514
511
522
542
562
567
566
562
549
555
564
562
560
559
555
547
542
541
540
533
533
531
525
527
548
549
555
551
553
550
544
545
547
551
558
577
605
609
605
590
602
602
605
597
594
603
602
592
592
601
608
609
599
595
601
602
600
595
603
608
595
597
604
608
619
622
612
605
611
609
604
599
604
604
601
600
601
600
599
610
608
595
590
594
591
587
600
612
614
616
607
602
620
558
768
629
635
622
622
626
636
629
634
646
654
646
649
643
647
654
666
665
675
667
671
656
649
635
643
647
644
631
642
645
642
639
644
645
652
644
641
645
653
641
643
644
648
649
650
664
666
664
681
679
684
672
650
649
650
654
648
643
641
638
623
625
620
619
613
615
628
631
634
634
631
654
656
651
638
652
652
653
652
658
662
652
652
661
661
660
668
676
666
660
667
666
658
658
663
659
667
659
656
666
673
684
663
664
656
653
646
660
667
662
680
673
664
651
634
627
621
621
619
626
628
626
617
614
612
605
606
608
611
627
631
623
625
625
620
612
616
625
624
622
625
736
895
864
813
789
762
543
885
767
750
736
709
708
721
718
716
728
732
720
701
702
696
694
677
677
678
682
675
688
697
690
690
702
696
688
690
690
695
719
715
717
713
712
683
676
658
645
644
643
642
657
663
660
661
665
676
680
671
676
681
687
680
689
702
703
699
706
718
718
701
703
718
712
695
703
712
720
703
701
709
702
700
705
714
722
707
717
717
720
706
693
693
696
702
698
699
712
729
715
713
718
728
736
718
714
723
709
709
712
701
704
714
714
711
716
718
703
690
688
700
689
687
702
699
691
705
710
715
701
701
708
719
715
711
715
721
729
716
692
678
675
678
677
681
692
701
693
688
689
697
699
692
699
711
728
736
731
715
704
703
709
709
705
700
703
713
721
704
698
702
707
694
689
697
702
708
711
703
691
691
697
696
699
706
710
697
694
701
702
689
686
693
699
714
714
710
696
697
694
697
691
696
708
713
707
713
726
726
717
710
715
721
705
709
717
731
716
712
721
714
721
736
740
748
733
724
726
730
726
709
711
713
703
697
701
709
701
696
699
698
695
676
664
652
637
629
623
635
648
658
