565
577
568
565
563
565
565
551
547
547
543
533
535
536
535
538
542
555
564
559
553
555
556
558
549
545
548
560
555
556
556
567
570
562
554
556
558
559
551
546
541
551
555
561
551
551
557
565
574
566
560
560
564
567
561
556
558
569
566
561
554
556
568
581
572
566
573
574
574
566
554
554
556
570
580
571
567
570
570
561
555
548
561
570
585
583
590
600
604
592
590
596
598
602
588
584
588
591
584
582
589
594
594
585
578
579
576
584
577
569
581
592
599
594
589
588
597
586
577
580
591
600
606
601
597
603
601
590
584
590
593
602
607
600
599
607
608
604
609
608
611
609
597
605
609
610
604
602
613
627
637
625
620
627
631
617
612
599
596
590
589
602
606
614
610
610
624
630
619
615
616
616
610
599
592
599
606
626
615
604
607
603
583
581
583
580
570
573
563
554
546
536
530
535
549
370
728
563
549
555
556
557
567
564
563
572
584
590
590
588
596
606
603
589
584
585
588
582
568
562
567
566
563
563
558
559
560
563
560
556
561
573
581
580
583
579
577
577
580
571
568
560
554
558
557
553
562
562
562
565
570
574
574
570
561
565
571
576
575
567
567
573
583
578
570
567
580
583
584
590
581
575
573
580
580
573
563
562
567
571
570
564
566
571
577
572
567
559
567
569
564
564
575
588
589
588
591
589
591
587
581
589
592
587
586
592
598
595
589
582
586
588
578
575
580
588
590
586
579
583
593
593
583
580
585
585
580
576
578
584
593
579
572
565
566
574
576
566
560
554
557
564
576
590
605
604
594
588
583
583
583
573
568
572
581
583
576
574
575
577
583
578
576
576
572
571
568
562
572
574
581
583
575
571
574
575
571
572
574
581
591
594
605
604
599
593
597
605
606
603
598
597
604
608
618
601
596
587
595
595
594
590
588
582
578
575
578
578
576
565
559
559
563
576
583
589
586
589
589
605
611
611
617
617
633
627
615
622
630
641
649
645
638
646
655
661
655
653
652
621
606
601
602
611
613
604
596
598
604
608
601
595
604
606
605
600
599
601
593
589
590
588
594
596
586
592
596
598
593
588
576
568
568
576
591
595
601
602
604
601
597
595
594
604
616
632
628
621
606
610
607
605
594
590
600
605
604
604
603
602
608
618
612
609
611
615
617
625
617
607
605
604
601
610
604
598
593
604
606
604
601
593
591
594
593
599
596
588
584
581
582
579
581
596
612
621
626
618
618
601
596
580
587
590
603
611
618
608
613
621
622
626
618
619
624
631
629
628
622
625
637
646
646
630
623
626
627
633
636
626
621
626
631
621
610
609
607
606
603
597
597
594
594
589
584
587
600
604
611
610
604
594
593
591
591
576
562
545
537
526
519
512
504
499
496
492
493
489
484
481
479
477
475
474
471
469
467
464
470
465
464
465
464
461
460
460
461
457
455
458
459
457
458
454
455
454
452
451
451
454
449
446
450
448
445
449
445
449
447
449
447
448
448
446
443
447
443
440
439
440
439
438
437
438
436
438
435
436
435
432
431
435
432
431
428
429
427
426
424
428
428
426
425
426
425
423
423
426
423
421
422
426
422
421
424
421
417
419
419
416
416
420
416
414
414
412
411
409
413
412
408
410
411
405
408
410
408
406
407
405
403
405
407
404
404
407
403
402
406
402
401
402
404
401
400
404
403
400
406
403
399
399
402
399
397
401
402
401
400
402
401
399
399
400
398
401
397
399
395
395
398
396
396
397
398
394
397
397
399
397
396
398
394
392
396
396
393
394
396
396
392
396
396
391
393
396
388
393
393
393
391
395
393
392
395
389
389
392
394
391
390
394
391
388
390
391
389
389
391
387
385
390
387
386
390
385
386
388
388
384
387
386
382
380
385
384
382
384
386
373
383
382
377
380
380
379
382
382
380
379
379
379
377
379
375
376
380
381
375
380
374
376
377
377
373
379
374
372
376
376
378
378
380
375
378
380
372
374
371
374
374
372
373
375
374
379
369
372
374
372
374
378
372
373
374
371
370
374
371
370
377
371
367
374
372
375
374
371
372
368
374
372
371
378
367
372
370
372
368
372
374
376
377
372
374
380
373
379
378
383
381
382
385
384
384
388
387
387
388
394
392
392
391
389
389
393
392
390
389
387
387
384
384
383
383
384
382
384
385
383
387
385
386
386
389
387
387
387
387
390
389
386
388
392
387
390
389
393
394
397
396
396
395
396
396
402
402
403
409
409
416
415
417
415
420
417
416
415
416
414
419
419
415
416
422
418
416
423
418
421
423
416
421
422
278
521
457
434
427
423
422
422
420
422
418
424
424
420
423
422
422
421
422
414
420
418
417
415
417
416
418
419
423
418
425
427
421
424
424
427
423
427
428
425
420
422
419
417
419
420
419
424
427
429
435
433
432
437
435
438
433
432
428
426
425
424
424
424
427
427
425
433
430
438
442
445
443
443
445
446
448
449
446
442
438
440
437
439
439
438
437
433
436
435
437
439
440
440
442
445
445
451
454
448
453
452
456
460
470
469
461
469
465
470
467
464
460
456
451
453
451
450
456
458
453
456
456
460
468
469
475
477
469
473
469
469
472
484
481
493
494
495
491
490
497
496
508
506
511
499
495
487
487
482
479
472
472
471
467
463
462
464
470
470
477
470
471
476
480
486
479
477
474
474
473
472
469
466
462
463
461
460
457
456
454
459
465
472
476
476
472
473
477
478
474
478
478
485
487
494
496
491
492
493
496
488
487
487
491
498
506
508
504
507
510
511
504
509
509
519
510
520
518
512
504
510
516
529
524
511
515
515
524
516
518
511
503
498
488
489
486
485
481
488
494
501
498
494
494
501
507
509
508
503
503
501
498
492
483
481
481
484
487
486
483
481
494
504
506
514
517
516
520
522
523
517
513
510
500
492
487
484
489
501
510
515
514
517
523
522
514
521
522
529
527
524
531
535
527
528
528
521
517
518
517
517
523
519
521
527
529
527
530
531
526
522
524
527
528
539
533
527
524
522
516
513
513
513
513
515
510
512
521
529
536
544
531
523
516
509
510
509
516
519
520
517
517
514
510
504
498
492
497
507
512
327
723
553
534
536
535
530
525
520
511
505
501
502
504
507
513
520
515
511
505
503
498
495
496
499
508
511
521
521
525
530
527
523
521
519
511
504
503
506
514
522
523
529
536
542
536
533
526
521
519
518
517
512
515
524
537
546
551
546
545
551
558
552
554
557
560
550
550
548
547
545
541
533
528
523
520
517
518
523
528
534
533
534
531
531
538
530
523
521
522
523
523
519
516
514
514
521
519
516
516
524
528
522
527
530
527
531
522
519
517
513
510
509
509
506
503
500
498
501
500
503
508
513
522
524
529
526
526
526
526
523
518
516
521
528
529
526
534
542
557
563
563
561
559
563
565
569
567
563
562
570
574
580
574
578
582
579
571
573
580
578
573
573
577
573
569
570
577
578
575
572
569
562
558
545
541
546
551
562
564
561
561
559
561
561
563
563
563
557
553
554
551
553
552
555
568
571
571
573
569
575
566
556
553
553
549
546
545
538
537
533
534
537
545
552
553
552
560
566
567
570
574
574
571
568
570
571
570
561
563
560
554
545
551
556
569
584
587
579
572
564
565
569
563
561
563
560
563
568
570
569
572
576
572
578
577
577
581
575
568
564
563
559
556
552
555
565
569
577
585
586
584
592
596
589
587
593
595
602
592
588
583
569
559
553
554
559
557
552
547
563
577
586
587
589
588
587
579
568
574
575
580
582
583
579
566
563
559
549
543
537
535
543
552
561
563
568
568
564
567
568
563
568
574
580
578
585
594
604
600
592
586
586
590
583
586
594
585
576
566
564
564
566
565
566
564
560
556
556
555
553
548
548
543
536
537
544
549
546
539
537
540
540
539
544
543
543
542
546
554
562
569
580
587
584
579
576
577
578
573
567
570
565
565
566
567
561
565
563
558
555
552
549
540
540
544
543
549
556
561
572
580
576
577
580
588
594
601
592
594
597
604
605
606
603
605
601
600
606
616
625
640
636
632
635
647
645
631
620
627
638
637
627
622
628
621
614
618
621
618
604
595
599
609
608
599
589
584
577
563
556
555
559
561
566
572
565
561
565
565
566
563
567
571
578
572
574
582
583
580
576
571
579
577
576
579
575
579