622
675
659
614
696
676
683
701
727
720
746
736
725
736
740
735
739
732
716
725
716
716
724
720
753
742
740
735
729
714
721
708
721
735
731
749
759
761
748
767
740
773
772
768
765
782
797
776
778
803
788
782
827
858
811
826
855
828
806
823
795
783
822
783
768
758
844
842
779
798
763
759
771
749
742
785
800
820
841
842
880
872
861
903
852
871
843
827
845
828
827
844
835
837
860
845
849
863
847
851
862
849
834
829
835
811
819
809
811
821
821
798
805
808
808
806
831
832
815
833
807
813
789
777
801
790
784
803
813
797
828
831
808
799
811
793
776
806
822
802
812
810
797
797
817
804
815
835
826
823
838
851
839
872
870
833
861
875
857
869
863
851
858
848
819
834
833
817
821
817
801
801
796
795
783
788
812
792
782
793
793
778
769
796
785
777
783
760
756
756
766
767
751
760
799
792
778
776
783
782
775
781
793
774
771
778
787
768
763
789
782
793
816
844
852
818
848
865
852
866
876
835
827
850
850
812
829
828
809
789
789
794
770
758
821
830
816
806
792
811
785
776
777
807
829
854
833
878
859
849
876
873
858
862
861
834
841
849
827
824
835
820
805
812
813
788
780
771
751
752
747
734
754
750
742
754
757
748
744
746
769
754
759
771
767
761
769
772
759
775
783
782
769
793
795
777
806
814
786
799
811
793
783
784
780
758
771
771
763
791
790
784
811
791
781
788
796
781
771
785
778
769
778
781
776
781
809
809
793
810
797
785
794
770
783
758
746
739
720
706
707
683
688
682
681
674
674
684
715
751
747
789
813
836
833
864
869
852
873
876
854
832
859
847
827
836
837
816
807
822
821
802
812
800
790
811
804
795
829
836
820
828
836
813
807
829
815
812
839
829
807
826
824
808
814
818
803
826
830
812
819
843
814
810
815
797
798
815
813
813
852
847
824
832
850
835
841
854
854
832
854
854
841
843
867
868
840
848
850
818
808
813
817
807
801
828
824
827
850
837
844
852
824
830
837
817
817
830
826
802
817
808
798
808
805
794
795
809
787
793
805
783
763
746
747
693
696
688
674
670
648
654
645
639
653
641
646
666
655
649
665
675
669
666
661
654
644
639
620
628
636
641
656
667
659
669
670
681
681
673
678
670
666
664
676
657
665
668
651
653
639
652
638
633
628
625
621
617
617
618
618
617
614
613
610
610
610
614
614
618
625
626
628
624
626
628
621
622
628
635
630
624
626
625
619
620
622
623
622
622
625
622
628
626
623
626
633
630
628
625
626
622
624
621
618
616
618
618
619
617
614
610
606
610
605
601
604
624
620
606
606
603
599
599
600
604
604
605
606
603
603
600
602
602
597
598
604
598
597
599
598
599
597
597
591
593
589
587
582
581
584
580
579
579
579
582
579
577
576
575
576
577
575
578
576
579
579
578
537
601
579
574
574
570
531
599
573
531
554
551
549
591
563
522
586
562
562
563
564
563
562
565
559
521
583
516
581
515
577
509
580
552
548
546
548
543
504
526
528
532
565
497
566
541
536
494
518
521
521
518
515
518
557
489
517
514
514
516
516
514
552
529
487
553
488
512
514
514
516
512
514
518
518
517
516
518
517
518
516
515
521
519
519
516
517
520
517
521
521
519
567
495
523
521
528
528
528
533
532
579
514
538
540
545
542
543
550
554
549
548
549
556
555
566
568
566
574
577
574
575
571
578
576
570
569
563
561
556
553
552
554
558
557
554
562
563
563
562
561
563
559
557
558
557
559
562
565
565
566
567
574
570
573
571
565
610
623
562
580
578
573
571
567
563
562
558
556
554
1125
568
571
577
583
580
585
580
580
574
575
572
566
563
560
561
559
559
562
562
560
569
578
581
580
595
596
601
606
605
604
607
608
604
598
601
597
592
590
1163
576
576
570
566
563
560
563
565
563
568
570
573
568
630
610
570
588
584
578
585
596
602
600
605
675
619
686
624
743
788
687
691
690
727
653
676
729
659
681
673
687
678
663
656
680
671
670
651
642
647
651
646
639
639
651
656
658
660
743
637
667
657
658
654
641
704
719
704
643
743
633
739
709
652
729
645
746
654
676
741
653
771
666
736
736
731
664
688
752
652
674
672
753
731
671
686
765
733
665
689
774
668
750
648
748
659
677
672
771
657
744
642
714
635
770
755
729
763
756
752
675
815
771
733
776
786
746
733
740
762
743
751
754
781
694
836
790
756
688
798
773
747
691
838
790
763
748
787
773
746
781
777
756
796
792
757
771
795
754
740
742
744
724
736
751
741
717
754
761
744
764
768
766
733
774
763
729
761
757
758
734
779
798
785
759
794
808
755
804
803
761
766
777
777
759
787
787
771
750
778
774
738
750
771
785
762
781
792
774
795
799
768
765
787
773
745
769
760
731
751
742
729
727
749
761
742
764
762
758
739
764
780
756
789
776
763
768
786
789
765
781
800
777
794
819
808
794
832
849
822
852
813
774
778
797
817
801
842
902
841
874
864
836
848
868
836
854
872
852
852
862
833
828
842
837
826
854
849
834
860
841
836
849
838
821
841
838
825
848
823
798
805
880
852
848
834
820
820
809
801
815
814
805
825
842
825
850
854
830
847
835
813
829
835
813
815
821
809
805
818
818
799
810
811
793
805
807
797
799
813
800
789
798
780
790
790
780
785
781
768
791
786
770
795
795
783
797
788
772
788
800
784
780
768
746
747
749
748
738
748
745
739
750
764
766
759
783
783
771
786
788
774
767
775
780
778
792
798
792
789
812
792
793
806
811
807
813
820
810
828
817
810
828
812
813
812
798
792
785
763
746
734
724
715
721
788
778
755
739
