905
1207
1127
941
931
924
1180
1049
1018
938
914
910
912
926
914
910
895
920
920
910
910
910
897
901
907
897
1076
1173
891
889
1033
1034
906
848
1050
1123
900
889
1140
1062
936
882
1178
933
1040
903
1180
917
1045
903
1185
931
1043
899
1191
930
992
922
884
1166
1066
941
875
1203
953
1090
1029
919
882
1146
1114
915
860
1174
1028
1003
900
913
1142
1059
903
864
1082
1072
937
905
870
1156
1120
984
875
864
1136
1148
1014
909
870
884
1118
1141
974
877
854
1134
1139
943
861
1154
919
1011
902
1173
922
1031
897
1185
932
1058
889
1186
932
1059
906
885
1126
928
996
942
903
1188
939
1072
908
896
1143
1143
913
902
1153
1102
953
902
1196
938
1068
904
939
1116
1085
911
1210
938
1022
895
869
1139
927
979
888
857
1136
916
1001
886
863
1117
1063
923
851
1153
909
1068
970
876
829
1099
892
1011
861
834
1129
909
959
893
841
1156
910
1001
882
844
1135
897
967
888
827
1149
904
890
828
1171
905
857
839
1178
943
897
847
1123
916
1028
883
834
1147
909
1040
876
868
1150
915
1027
896
862
1162
924
1012
912
846
1177
928
1021
894
854
1159
913
986
941
883
841
1156
1088
954
854
1185
933
994
936
889
893
1107
1086
896
834
1152
911
973
896
829
1151
912
1023
896
871
1165
934
1021
948
914
895
1120
903
1021
875
827
1085
885
1009
860
821
1127
901
1026
869
840
1141
917
993
961
904
859
1144
1121
918
861
1161
1050
940
941
876
933
1109
1148
924
867
1170
933
995
925
887
850
1127
911
1036
875
850
1117
899
934
903
863
841
1101
902
893
846
1146
900
871
878
1142
931
863
1168
914
1003
889
883
1116
1095
905
854
1178
1098
915
896
1184
944
972
1033
920
916
1158
1016
941
921
865
1116
1119
900
861
1141
916
979
876
848
1117
909
1018
882
872
1106
919
988
896
894
1132
926
949
946
968
1115
1004
907
893
927
917
1165
977
934
918
907
902
896
897
881
881
886
881
864
1017
1169
1075
969
909
901
863
1055
1112
988
879
1156
934
1063
901
865
1150
1103
893
854
1159
930
927
958
909
1198
938
957
889
894
1224
1025
1002
946
916
916
896
903
892
896
887
886
903
1158
1042
933
863
834
836
810
1033
936
833
815
796
963
876
844
777
774
795
921
842
775
764
766
848
840
804
738
751
747
806
849
797
774
732
728
769
766
818
772
744
726
740
759
724
711
704
690
691
702
807
724
771
742
728
727
695
681
712
751
726
711
703
706
705
704
704
702
706
672
662
677
733
699
690
690
693
702
688
684
665
694
661
662
676
737
695
690
694
692
687
683
684
686
689
681
680
692
699
688
682
691
690
691
683
681
682
662
680
690
670
657
640
635
644
656
742
678
696
682
694
676
657
671
641
700
650
641
642
650
650
715
677
688
676
669
664
677
671
665
663
643
635
639
707
656
653
654
660
654
650
659
665
660
657
662
653
655
669
647
630
632
656
696
671
673
669
659
667
666
635
658
665
675
655
652
662
685
685
678
669
674
680
672
681
679
682
714
688
657
664
779
721
706
683
707
726
723
707
706
701
710
714
680
682
688
707
727
720
721
713
717
713
697
697
703
740
853
743
712
718
702
683
724
758
745
718
747
729
730
727
709
707
726
767
778
770
742
715
719
748
948
890
835
824
836
812
806
820
840
829
813
783
802
935
874
813
802
803
976
839
863
833
809
802
833
850
833
821
837
854
868
855
836
853
898
1112
999
995
889
873
861
852
851
873
880
880
877
885
903
891
879
864
878
883
870
870
879
890
882
865
878
881
874
865
877
894
868
865
871
875
875
862
870
881
878
870
863
880
888
878
862
878
894
901
1233
946
1000
910
875
881
888
1140
1072
1048
950
915
896
890
878
875
890
905
883
871
864
1065
1055
997
897
878
873
865
883
879
868
883
881
872
868
882
883
871
877
877
880
857
874
869
855
857
864
854
850
1128
1025
950
876
858
1077
1052
992
904
885
860
869
873
874
867
872
876
884
880
862
875
878
884
881
864
884
875
885
886
877
891
900
907
889
892
897
894
883
880
889
886
879
855
856
854
833
1040
1037
910
843
851
1087
1034
910
888
869
857
863
871
874
860
875
891
884
874
897
1167
1028
944
911
896
1109
1089
1029
934
900
910
912
921
904
915
919
924
924
903
918
917
922
904
919
919
921
899
922
933
917
907
933
927
909
920
925
921
905
923
926
906
918
926
918
913
927
926
909
917
923
898
916
928
1201
1174
942
919
894
1173
1072
993
923
917
898
891
909
1217
1051
998
950
923
905
911
912
910
891
907
906
903
900
1198
1037
972
918
903
1161
1079
1017
905
891
896
884
1158
1054
991
911
930
970
930
857
1084
1114
877
845
1120
1089
884
855
1147
953
979
958
894
850
1141
1109
952
884
860
1142
1101
906
866
1150
1064
940
869
1146
925
1069
895
857
1143
1096
873
859
1144
916
986
868
