674
663
662
651
1320
679
625
641
643
650
643
648
631
631
639
635
641
644
660
642
792
1425
725
686
675
676
690
698
1408
759
677
706
711
1399
675
675
657
672
647
669
670
662
679
713
692
697
723
682
696
750
679
728
718
729
724
736
714
688
729
692
711
717
691
733
695
710
739
730
732
704
704
713
740
708
778
716
730
775
748
753
709
781
750
745
779
763
741
791
762
751
800
773
758
755
755
761
751
762
773
753
800
782
763
806
796
782
799
803
792
812
804
801
809
809
807
813
801
801
815
803
804
827
818
813
832
822
816
813
822
817
1659
822
842
828
802
820
804
797
833
785
835
815
771
800
790
791
771
778
724
748
715
756
746
746
748
739
733
735
741
745
752
750
707
739
731
693
701
714
736
758
1550
728
764
749
722
741
760
793
721
854
764
764
816
841
776
835
797
822
813
821
802
842
834
792
826
811
813
815
843
792
857
819
786
791
796
796
781
813
811
817
820
837
809
834
846
816
847
817
828
828
831
814
835
831
817
824
809
809
811
815
823
828
811
803
803
796
800
788
783
802
801
813
817
791
813
817
828
839
819
836
847
827
843
838
833
846
826
826
838
841
816
843
853
823
860
848
860
853
854
859
831
878
841
844
857
860
839
858
862
845
856
857
837
847
858
828
842
851
838
897
845
853
843
854
842
830
846
813
827
841
812
868
816
819
838
842
819
840
869
806
839
846
828
853
842
839
834
846
831
827
878
813
829
843
834
823
837
823
814
828
828
816
796
817
826
807
792
784
804
817
858
795
871
819
861
878
860
854
834
851
833
1635
804
805
818
822
816
796
774
799
804
822
825
797
857
799
875
821
880
821
861
860
860
858
896
864
840
843
815
800
804
790
794
798
803
792
810
828
809
835
820
853
800
827
869
795
812
822
841
818
854
832
820
824
831
811
782
806
802
807
827
822
799
813
813
789
801
813
1591
797
802
806
786
802
796
779
783
773
771
752
728
714
740
724
729
703
711
719
691
1449
691
718
1446
688
713
693
681
670
803
516
651
1305
1285
643
561
711
629
630
613
611
609
367
1415
589
1738
572
565
574
561
621
495
555
555
1105
541
552
544
485
613
538
541
542
1063
1073
531
281
254
1121
393
659
520
1055
401
426
744
531
524
521
530
518
522
520
521
549
525
536
533
535
526
591
553
453
535
529
523
535
518
530
522
521
1048
537
523
523
515
1061
519
519
405
1160
518
380
660
519
524
469
572
530
511
538
535
521
1061
520
531
529
524
529
550
532
543
396
676
528
540
542
1617
544
544
528
547
543
309
755
530
532
542
543
549
530
541
556
545
539
525
534
557
573
577
561
563
537
548
532
529
533
520
440
483
540
672
526
516
541
519
522
523
521
524
522
521
513
1056
523
515
536
520
524
532
526
533
524
523
531
519
505
500
455
530
650
536
1039
1031
529
523
1553
281
761
515
506
523
508
511
528
519
518
544
532
538
546
558
560
553
546
534
1102
545
551
545
463
597
585
562
552
565
557
550
539
534
522
521
562
556
539
574
592
571
565
563
552
551
538
532
531
543
557
549
547
553
548
543
577
591
568
563
605
599
584
584
586
585
574
571
631
607
587
604
623
613
590
590
582
580
571
570
573
563
558
565
566
572
575
568
597
577
576
590
586
582
596
617
597
581
607
733
636
539
677
600
576
575
586
592
592
592
595
593
588
604
595
588
593
593
587
592
590
584
596
607
600
599
616
605
594
607
608
597
604
619
616
612
618
606
610
606
601
604
602
609
612
605
612
613
607
609
601
588
586
588
604
600
600
602
599
597
589
593
585
587
609
608
627
633
638
628
634
638
645
621
623
634
620
642
652
637
630
624
621
633
626
650
661
669
662
657
677
651
648
664
661
647
670
668
667
641
704
906
804
772
751
752
756
744
734
729
704
702
689
687
691
680
682
669
663
665
1345
676
691
684
690
692
684
688
674
679
678
682
668
676
672
674
683
672
652
651
647
637
658
696
690
700
741
733
725
706
695
718
1443
696
685
680
682
680
674
691
685
695
692
671
656
660
670
689
690
713
713
703
673
679
686
667
668
672
684
698
680
1336
660
654
669
667
668
667
677
670
677
694
679
664
650
649
661
660
655
666
669
658
680
679
665
809
911
807
775
772
762
743
756
750
734
726
735
729
738
745
744
751
770
775
771
766
741
739
737
739
736
737
761
761
774
790
784
809
798
776
770
770
749
765
757
766
779
765
765
765
808
783
746
778
771
755
748
844
810
783
782
817
782
776
793
818
753
767
737
740
762
748
800
792
792
810
810
777
794
803
786
787
804
796
780
796
800
780
798
806
792
795
812
805
791
806
822
799
813
815
791
805
811
794
787
848
844
847
861
858
829
851
830
821
826
809
813
812
803
812
799
795
803
787
793
791
776
791
767
782
774
762
770
756
752
728
736
743
755
796
791
767
751
757
753
736
734
726
717
720
722
757
736
739
742
726
722
762
723
739
730
744
731
753
755
725
771
745
727
758
755
724
760
753
737
755
749
723
761
746
726
751
749
730
746
746
736
776
750
752
739
743
733
748
788
720
753
751
720
718
741
760
768
722
723
707
692
690
686
682
679
667
673
680
678
699
699
699
738
726
711
738
716
713
743
729
725
721
766
746
732
788
731
722
755
741
725
757
758
740
734
751
