841
810
831
842
830
790
812
860
885
869
838
893
929
902
854
890
926
928
909
913
954
945
909
909
967
969
939
949
940
934
906
897
941
952
924
962
985
947
981
978
941
973
984
953
924
975
963
930
955
965
941
896
919
960
968
930
901
947
975
975
934
938
971
958
926
968
968
929
967
991
987
948
968
994
988
959
985
989
940
982
983
943
989
996
988
941
978
980
953
942
979
981
950
987
988
937
916
927
927
884
908
927
922
895
934
943
901
919
938
925
886
909
920
918
872
896
913
938
917
935
940
931
884
881
876
844
834
870
919
899
913
934
893
828
878
931
936
910
952
967
902
905
926
921
876
857
900
929
907
944
968
965
940
975
987
965
917
937
976
983
968
980
986
949
908
923
959
941
920
941
951
929
908
919
945
964
938
897
919
930
938
910
885
963
982
979
958
969
978
942
911
935
936
944
964
979
924
901
927
951
947
919
947
937
906
926
931
913
888
912
948
950
924
896
934
946
936
944
957
938
909
928
947
945
907
931
945
918
858
824
934
977
1006
1002
956
975
970
915
910
914
893
904
921
925
908
924
919
900
927
937
897
930
931
936
898
911
922
919
882
889
885
864
867
884
886
852
895
924
936
908
904
925
924
906
852
874
908
919
901
940
956
962
938
961
954
931
943
947
907
879
916
906
887
909
916
901
834
834
865
874
850
841
872
914
894
917
928
924
889
918
946
918
928
926
919
884
905
951
936
987
989
957
908
907
917
877
798
818
874
910
871
826
857
843
771
739
753
781
857
913
931
925
920
939
923
916
929
935
900
913
920
900
872
891
917
882
901
908
870
854
874
885
868
892
880
887
877
871
832
819
827
826
824
837
854
844
828
816
798
777
820
806
843
856
873
860
811
781
730
671
678
695
700
701
691
746
784
787
765
754
797
818
786
698
724
505
452
514
591
838
864
1620
719
919
657
1317
1447
2111
1344
937
783
938
1931
376
885
1346
854
327
2466
1714
1370
2460
326
478
907
316
1386
1917
695
1643
1011
1841
2347
867
256
1279
1125
604
567
1042
891
361
1956
1628
1635
1525
587
395
726
624
266
613
2527
580
2503
498
2494
891
854
1224
537
1496
1034
514
516
531
528
531
342
702
1035
272
755
523
792
268
1207
427
701
368
891
590
1014
2415
2381
591
389
628
1733
616
682
501
1333
3157
1389
1462
602
325
745
688
732
476
316
557
1910
438
1034
426
1597
629
467
460
937
465
460
1264
575
520
418
262
412
479
303
959
263
454
448
907
450
457
457
455
465
375
549
461
389
541
472
1452
490
484
495
509
525
517
525
520
523
570
576
565
571
570
338
3456
800
798
725
653
590
552
556
571
605
590
581
588
662
683
657
610
685
769
759
680
697
702
659
623
668
672
688
672
932
854
756
713
737
713
680
639
669
714
750
728
715
817
836
786
784
803
795
757
721
756
817
779
763
808
789
807
855
856
782
799
840
853
831
798
850
864
822
820
869
893
859
848
879
892
856
894
914
860
872
873
860
828
859
900
873
823
868
879
865
831
853
901
899
864
885
907
877
885
887
856
809
827
827
798
826
866
851
880
893
852
875
873
810
810
845
860
819
838
893
903
840
882
923
933
900
926
944
926
904
938
940
911
921
935
917
896
952
957
888
919
922
894
920
931
888
902
915
895
877
909
912
870
874
879
845
881
867
846
781
804
846
849
828
838
866
855
811
752
741
886
890
890
841
856
874
860
815
837
802
848
911
937
914
881
935
956
945
915
945
964
954
911
936
953
926
952
956
915
920
922
904
902
913
879
913
917
880
895
901
865
859
887
894
855
884
892
887
856
839
876
896
872
896
925
896
864
889
905
883
894
892
859
862
886
893
834
834
877
864
859
884
868
880
910
900
879
901
935
888
891
915
919
876
864
902
945
932
906
919
938
920
916
926
933
901
917
930
902
858
892
918
906
858
870
865
835
821
870
879
846
836
882
865
833
830
860
856
821
831
854
886
842
899
920
883
885
890
879
831
779
823
846
879
854
868
906
909
869
876
893
901
863
876
908
909
872
839
873
877
868
832
860
889
862
826
884
908
888
940
930
873
880
882
857
806
817
820
784
811
835
823
814
849
858
834
797
815
862
855
822
857
876
846
817
836
855
823
854
863
864
816
820
864
891
872
874
888
854
873
886
865
826
846
858
824
814
841
871
832
857
897
904
853
861
882
883
845
858
885
884
838
869
902
908
883
890
896
853
802
846
853
855
816