948
959
935
910
926
928
897
902
909
904
924
942
940
942
959
977
976
959
967
980
948
957
275
682
916
925
908
880
897
919
909
933
945
940
947
967
962
954
974
980
990
975
985
993
976
958
985
992
987
969
985
1002
1006
969
977
972
959
972
981
956
955
950
935
914
891
888
886
864
873
877
879
879
880
877
860
856
846
854
865
898
951
979
1003
986
941
951
967
961
955
979
986
954
928
963
1010
1005
985
938
938
941
934
931
926
931
946
965
978
989
997
996
993
989
982
979
963
955
976
990
1000
976
948
954
947
924
914
931
938
926
937
932
918
909
915
912
904
891
902
904
905
897
907
912
919
897
895
906
906
888
888
894
875
872
889
885
872
874
861
854
857
847
860
875
871
889
910
928
922
922
934
930
943
950
959
940
949
956
957
937
945
935
928
911
921
920
903
890
904
914
899
902
913
918
899
896
907
900
889
898
896
892
891
902
917
917
938
943
936
951
963
959
950
963
976
974
961
977
972
967
968
971
951
928
938
932
923
911
931
937
934
955
965
951
959
962
960
939
951
955
955
949
963
969
961
960
961
954
935
939
935
921
918
928
899
904
920
903
903
927
945
932
960
973
964
965
968
971
960
960
976
984
988
990
992
1009
1025
1024
998
979
978
986
992
987
987
983
969
967
976
1000
1005
1001
979
993
991
992
989
972
934
922
913
909
893
909
917
916
920
948
939
929
932
954
953
948
940
952
951
925
941
957
964
955
979
1000
1008
986
995
993
973
950
949
938
932
949
950
938
931
942
941
913
913
914
898
886
895
901
895
897
915
926
915
913
923
916
901
896
903
897
903
914
913
908
925
931
927
914
926
930
916
915
923
926
908
909
917
924
912
918
927
914
912
921
924
905
898
905
897
896
905
917
909
901
912
916
902
907
916
916
904
913
930
932
921
939
944
939
928
936
941
933
924
921
926
925
887
878
861
853
835
841
855
868
865
876
878
876
864
873
879
880
884
911
930
930
931
941
940
922
926
926
896
889
853
844
831
828
806
806
789
777
759
757
744
736
732
723
715
708
709
697
693
685
682
676
671
664
661
661
656
661
656
662
653
654
654
653
653
652
651
652
650
646
655
646
652
652
644
645
654
653
655
660
665
659
664
664
673
682
672
675
683
682
687
679
681
675
680
674
676
670
672
667
668
664
663
662
659
650
652
645
639
635
637
628
629
617
613
606
604
604
598
602
596
590
590
588
588
582
587
581
581
579
576
574
571
577
570
571
567
565
564
563
562
564
559
560
561
564
569
563
570
565
569
571
567
568
572
572
566
574
574
576
568
574
569
571
565
572
565
564
564
562
560
557
558
554
556
554
556
553
550
546
546
543
543
542
538
540
535
537
538
537
535
535
536
535
533
528
532
528
529
529
529
528
522
526
521
524
522
521
521
520
519
519
521
522
518
519
518
518
515
515
516
514
513
511
512
510
510
509
509
513
512
512
509
512
507
506
504
504
506
506
507
508
506
510
514
510
504
506
513
521
527
531
529
535
538
539
543
544
553
559
555
558
567
568
571
574
605
609
593
586
583
585
587
597
616
629
619
632
638
646
659
661
659
657
663
682
671
673
688
711
729
748
733
727
739
749
768
783
789
777
782
793
801
804
785
768
756
782
804
825
803
784
780
766
735
754
764
766
743
778
785
769
735
763
771
786
744
767
796
793
785
786
814
824
808
802
813
783
773
806
838
834
833
846
849
794
800
856
858
845
841
862
875
854
845
878
859
825
857
840
784
758
734
705
694
684
678
685
700
709
761
842
866
880
854
848
834
805
867
877
876
879
901
918
904
924
937
917
911
926
908
876
899
919
885
880
913
909
880
893
925
893
897
915
921
910
911
925
903
865
873
887
877
926
945
933
923
931
900
902
930
953
941
956
976
979
949
948
955
931
891
899
911
878
877
915
878
874
875
887
874
889
912
859
873
923
905
897
917
942
894
913
937
931
911
937
952
931
913
940
950
935
941
948
939
901
923
942
908
896
926
928
902
909
907
887
888
925
896
883
869
841
831
825
807
797
791
804
847
867
917
923
919
896
911
884
866
851
835
813
795
800
787
788
773
762
781
776
768
760
773
795
808
823
847
873
876
884
890
900
875
876
884
888
869
888
910
905
917
935
930
910
916
924
927
907
925
913
896
862
839
827
812
790
782
783
790
817
816
839
868
912
927
919
902
918
928
916
940
956
943
923
885
891
920
932
916
912
917
904
892
913
911
888
906
896
876
881
895
896
888
905
887
889
895
876
854
876
892
888
904
924
937
948
959
961
943
963
965
965
943
928
926
939
933
950
972
946
942
936
918
927
942
932
945
952
943
929
938
953
946
952
965
979
948
915
928
951
951
918
917
896
893
865
887
902
900
922
916
912
909
908
894
892
893
891
897
888
888
898
912
928
945
961
946
949
940
913
901
873
886
872
868
867
835
843
835
834
840
858
