682
688
694
707
703
688
703
701
708
718
727
733
726
721
725
715
715
705
694
688
704
719
718
728
760
775
774
759
765
732
707
705
738
751
743
736
751
753
735
747
782
808
813
800
832
835
813
843
837
824
839
852
837
811
826
831
838
813
822
838
849
850
825
854
864
854
834
813
843
838
827
828
849
858
852
831
856
863
850
841
861
875
871
839
871
889
887
854
851
871
879
854
849
874
885
869
858
871
878
875
843
856
867
873
844
859
871
869
848
855
868
848
834
846
859
863
869
833
827
851
849
826
813
836
845
842
823
833
837
826
810
812
805
793
779
800
819
838
829
838
863
882
894
864
882
879
885
847
847
860
864
838
840
828
824
790
769
786
809
805
805
830
842
835
822
841
859
873
849
844
864
873
870
838
824
855
834
814
813
819
838
852
856
862
840
858
858
862
866
853
853
856
870
875
855
862
872
876
871
841
860
852
860
840
846
854
862
857
846
858
868
861
843
860
861
841
830
849
845
842
828
843
856
851
840
858
863
857
840
858
852
859
835
858
865
872
848
873
870
874
849
838
843
836
817
816
813
803
778
764
759
747
747
745
749
740
741
745
746
746
741
744
736
742
734
730
735
746
736
740
756
762
761
763
792
818
819
815
840
844
867
845
854
854
853
838
839
836
842
824
819
844
856
845
838
866
871
850
846
863
870
856
840
854
852
846
833
843
850
843
821
837
842
839
820
832
847
851
838
845
853
862
833
828
837
840
823
825
835
833
822
820
836
847
831
824
831
827
815
805
806
813
802
801
813
826
822
814
826
835
828
819
822
826
821
813
816
816
809
779
814
817
818
813
792
792
804
803
816
824
813
824
839
845
856
836
849
854
867
851
872
882
878
855
864
861
862
843
846
856
862
850
841
862
863
864
837
854
858
858
840
834
832
832
818
840
843
851
843
862
865
863
848
857
857
852
836
831
865
841
833
825
842
857
838
848
853
854
852
843
842
843
834
811
825
834
849
863
859
867
851
856
849
821
823
813
822
818
805
813
822
834
840
822
807
782
768
755
732
735
734
729
713
723
704
695
691
686
686
679
659
672
672
667
679
681
683
688
693
694
698
695
693
700
695
687
698
698
685
688
693
686
679
685
677
679
682
678
676
679
674
673
683
674
676
682
675
669
677
674
666
671
671
669
662
668
671
666
665
665
663
660
660
654
655
656
647
644
649
635
633
643
636
626
628
633
629
624
628
630
628
626
625
625
627
627
618
615
623
617
608
614
611
608
610
604
604
609
604
599
607
608
606
610
605
607
614
607
603
609
604
598
604
600
599
602
593
595
600
595
589
593
591
591
592
589
593
595
591
587
589
589
590
585
585
587
585
575
584
584
584
581
581
587
585
580
580
583
578
581
578
572
577
576
573
580
572
571
575
574
567
574
567
565
569
567
566
565
563
563
566
566
568
566
565
571
564
566
565
564
562
570
562
562
569
570
565
571
571
575
575
572
569
582
581
574
572
576
575
578
582
581
599
598
599
598
599
596
608
601
592
599
613
612
620
627
621
615
611
622
616
608
599
612
626
632
645
632
634
644
646
642
644
644
640
642
640
633
632
640
639
637
627
609
611
625
646
633
629
647
656
647
644
649
662
673
653
653
660
662
655
640
639
672
682
669
661
688
697
698
665
672
680
693
671
657
674
692
689
674
706
708
707
689
709
712
709
682
677
724
720
726
687
664
667
682
661
645
656
671
668
652
658
667
647
640
654
664
668
646
655
639
640
660
679
672
647
646
671
688
689
669
654
666
709
722
733
706
713
739
756
751
740
721
699
690
724
723
690
674
692
733
731
710
712
713
673
655
674
698
686
670
659
677
720
731
729
715
740
752
749
719
706
720
729
714
698
716
736
754
759
742
777
789
771
762
752
757
731
729
740
727
718
731
747
761
750
738
738
733
721
699
698
689
689
711
711
728
721
724
741
762
762
746
739
740
729
711
725
732
714
721
746
766
767
748
751
776
787
768
758
776
787
772
752
772
773
769
752
742
751
743
720
726
738
725
724
744
763
764
753
765
784
759
761
771
780
776
778
785
789
792
782
781
777
771
765
754
748
762
772
771
757
771
776
767
755
747
754
759
745
739
738
737
741
726
718
723
732
727
714
723
729
720
730
723
720
699
688
699
713
724
727
726
723
735
748
738
716
709
717
729
742
739
732
759
776
771
768
782
794
789
771
778
785
792
780
775
782
797
791
774
765
771
781
774
765
767
778
768
757
754
759
760
765
754
751
754
736
723
737
736
732
740
757
774
756
762
771
777
768
775
779
787
777
788
802
810
788
771
760
744
749
757
745
729
731
745
757
755
744
744
743
742
740
724
711
718
736
757
759
766
779
778
754
762
764
748
755
762
768
761
763
761
762
737
730
735
729
730
747
758
768
754
752
739
729
730
746
740
730
734
730
723
733
745
732
730
727
712
723
747
735
734
764
789
806
779
771
791
796
783
769
770
778
759
762
766
762
762
740
737
738
734
727
726
719
708
718
731
738
754
754
743
736
739
741
741
736
722
712
717
717
725
727
748
771
796
817
823
836
828
822
807
806
793
769
766
771
784
791
782
802
815
831
820
815
802
771
757
745
739
728
721
729
737
749
758
770
776
767
767
767
749
735
749
767
777
778
771
777
798
809
785
795
802
809
788
801
796
793
799
806
804
807
800
797
780
748
749
737
735
734
732
729
725
722
708
713
710
717
719
720
709
690
718
729
749
742
765
781
786
787
779
774
760
748
738
710
718
717
716
717
724
726
730
727
732
735
740
725
738
729
742
745
757
767
761
740
740
742
745
740
734
752
771
768
772
802
813
797
786
794
793
792
794
767
779
782
787
770
786
798
808
817
800
819
825
833
813
800
807
809
808
797
803
800
799
795
795
772
771
754
742
765
