829
811
843
857
840
861
856
823
841
835
792
840
830
835
815
869
861
815
868
856
851
817
858
849
832
805
821
836
816
805
853
855
824
864
872
843
821
855
853
812
825
869
862
833
867
865
854
822
821
858
872
854
839
868
885
858
848
872
883
847
853
874
892
871
868
885
872
835
872
873
835
827
866
865
826
818
859
847
813
812
862
856
827
866
872
859
835
875
870
846
866
881
891
860
867
880
870
841
877
875
853
828
863
856
818
823
863
859
832
866
878
886
845
836
865
875
852
847
868
875
833
828
859
821
816
847
849
843
825
869
866
833
864
860
833
815
865
866
873
834
856
857
862
831
842
848
829
847
843
810
804
856
852
825
802
839
830
796
828
829
815
814
854
863
844
850
857
840
813
859
861
834
821
860
864
852
842
856
853
823
858
848
817
857
857
859
835
857
861
823
836
848
854
840
847
870
862
829
855
853
848
846
857
859
825
849
863
877
863
886
906
874
854
873
848
811
828
858
810
783
809
844
834
791
848
846
852
837
846
859
869
840
851
851
858
818
845
853
865
831
841
817
830
803
780
787
786
769
759
792
832
772
781
832
818
787
818
820
824
796
832
836
824
781
831
822
825
786
797
836
809
801
813
839
825
797
828
832
841
805
817
836
808
801
814
834
801
788
810
838
802
774
794
854
847
827
784
817
843
830
829
834
842
824
784
809
837
813
789
814
840
835
806
814
853
821
805
812
844
792
777
802
828
801
790
803
838
825
802
827
833
847
832
830
845
858
836
825
849
854
837
831
851
847
814
847
857
853
810
839
825
780
776
774
812
837
792
798
845
857
858
838
838
852
852
811
789
841
821
797
789
815
841
826
807
836
841
843
828
834
843
842
802
815
834
800
795
790
822
790
777
748
781
817
795
776
825
831
827
813
835
836
851
830
838
848
843
831
823
792
778
827
827
828
790
820
849
838
812
807
842
825
793
807
844
800
787
817
846
807
799
834
839
831
795
835
820
813
780
827
821
820
783
822
813
825
812
813
835
834
815
830
845
849
832
835
845
862
845
808
857
850
815
812
846
826
790
792
849
845
827
830
850
857
828
825
841
837
822
791
834
831
828
813
831
843
827
797
841
832
814
786
828
826
812
795
830
823
806
775
825
816
779
773
819
800
766
778
825
817
812
802
814
826
833
814
825
841
825
792
829
827
818
804
814
822
805
768
813
795
756
749
764
810
795
763
776
779
800
727
729
716
793
778
789
805
813
784
780
813
812
833
838
823
841
852
858
840
851
851
834
789
813
743
729
715
702
751
697
730
394
964
682
681
651
646
647
635
632
630
637
628
616
643
634
626
621
641
619
620
630
611
616
607
617
602
599
597
606
607
599
613
612
609
603
599
605
600
596
593
594
588
587
585
575
577
578
576
577
570
579
570
567
563
569
574
562
560
563
566
567
560
559
563
569
561
562
559
560
562
557
562
560
560
554
556
558
560
557
552
555
552
557
549
552
549
554
547
547
554
544
546
549
552
548
547
544
547
558
548
550
559
558
565
576
587
579
565
583
584
579
566
566
567
577
583
585
583
570
570
575
564
557
561
563
551
549
551
550
546
540
542
546
547
539
539
542
538
537
533
529
534
535
526
526
527
533
531
525
523
529
530
527
527
525
526
525
523
519
524
525
521
520
520
522
525
529
525
519
529
527
522
525
522
526
527
518
521
522
520
518
521
517
519
512
519
517
512
518
517
522
527
520
520
528
521
519
519
520
525
521
528
540
549
542
556
557
550
542
544
544
531
533
534
524
526
528
523
519
528
524
516
517
521
512
512
519
515
512
511
521
528
530
534
542
541
536
533
533
534
525
523
532
531
524
533
536
542
554
556
548
549
558
551
562
575
571
565
574
566
570
583
576
583
627
623
629
669
617
621
610
604
610
602
589
598
607
610
623
615
634
638
625
632
651
674
648
643
642
633
618
618
629
631
614
639
656
673
648
1391
618
628
631
637
628
610
604
591
585
583
579
584
574
581
585
578
565
558
563
581
576
569
573
594
586
586
584
602
595
584
582
584
578
571
600
625
646
634
688
743
713
710
690
712
714
700
725
758
762
724
732
749
745
733
711
721
729
708
716
736
748
763
738
738
736
721
693
691
690
699
752
762
765
1629
770
744
719
688
657
646
631
644
631
634
639
644
631
648
646
647
680
686
668
667
687
793
739
761
789
808
780
761
782
801
758
741
724
695
666
689
733
790
885
889
840
864
875
832
830
862
849
821
854
889
856
854
896
902
865
876
909
865
871
922
899
877
916
902
861
887
904
858
853
896
875
851
878
894
862
860
885
881
856
871
888
859
859
880
838
801
758
685
680
721
745
804
875
870
866
908
902
853
854
884
845
813
839
858
831
830
875
876
828
814
843
854
833
846
873
862
841
867
893
857
838
872
871
843
830
858
854
816
824
858
866
849
860
883
851
817
841
857
830
814
835
850
823
816
855
871
840
837
858
874
839
813
840
841
800
801
831
837
811
819
845
837
813
804
813
814
784
799
839
837
803
805
827
819
794
778
809
824
811
783
799
812
808
782
803
831
771
737
763
785
764
764
788
805
752
754
782
811
799
793
825
820
815
807
831
833
799
782
808
813
780
771
792
803
784
780
812
813
798
781
796
805
784
772
790
817
802
768
785
800
795
775
788
791
785
764
778
793
778
753
744
731
695
681
660
650
694
663
708
711
739
687
688
663
650
641
634
636
647
647
648
653
705
661
651
653
644
640
638
630
665
755
727
774
801
804
792
810
824
789
771
803
801
746
730
784
824
823
854
891
907
874
883
882
816
775
737
707
701
751
760
800
855
873
853
861
868
871
842
839
826
826
788
782
808
793
789
822
853
827
813
842
858
851
822
849
853
852
831
848
856
831
812
812
829
817
793
801
