660
684
703
694
695
692
714
704
729
729
718
691
728
728
712
740
753
739
721
708
701
467
838
738
741
700
465
803
688
700
710
683
692
709
705
711
752
739
764
773
756
768
780
787
764
777
786
781
780
802
804
787
789
811
812
790
784
801
801
777
774
799
767
756
793
758
801
752
783
782
753
748
774
786
767
750
763
792
779
754
772
793
775
754
789
802
771
757
791
803
770
763
797
810
773
788
812
811
783
810
807
785
773
799
824
779
795
799
788
761
802
801
782
769
810
805
777
807
829
795
784
800
812
783
777
826
820
776
769
785
886
804
759
454
951
781
769
812
798
769
783
806
791
787
848
822
791
822
841
786
778
813
809
784
810
812
778
794
835
800
777
806
806
800
767
798
824
771
771
791
457
921
788
815
784
454
946
812
793
776
823
824
817
783
816
856
837
794
799
814
831
772
770
800
813
776
802
831
799
785
463
958
804
779
836
806
783
784
816
801
774
805
813
771
766
808
763
743
730
745
793
815
849
819
823
779
796
786
468
910
787
775
767
748
797
762
771
843
861
839
812
784
817
855
817
768
827
782
765
756
847
854
813
804
819
818
819
779
820
796
808
777
794
876
810
807
822
820
781
811
832
804
791
828
820
787
761
772
774
838
797
721
766
809
864
824
804
807
799
774
764
794
780
768
763
781
873
822
811
813
806
803
818
796
788
788
793
786
837
823
811
829
778
813
831
825
810
812
829
785
780
802
796
821
841
825
827
813
465
939
800
801
783
813
821
790
786
813
796
771
807
801
813
766
485
896
767
789
823
810
821
777
775
818
782
761
472
941
790
753
761
761
771
802
769
865
795
776
810
802
777
781
776
775
760
766
771
765
767
768
791
846
784
729
758
783
839
785
760
754
790
775
754
739
768
771
750
762
890
821
776
474
917
757
769
757
747
762
771
754
757
785
775
758
774
764
732
713
761
735
738
726
731
690
716
698
621
625
699
684
624
675
743
782
782
783
754
769
769
729
733
721
707
763
749
755
744
725
729
749
729
714
696
720
778
479
883
738
727
737
729
726
728
741
732
722
729
700
701
714
706
688
685
698
693
683
681
690
687
670
678
666
669
647
663
632
637
649
632
628
632
621
611
625
605
606
619
614
609
608
615
605
612
616
605
613
619
622
612
612
616
610
617
624
625
629
611
623
621
611
568
573
597
643
616
612
605
612
604
597
605
599
597
604
596
591
591
600
593
588
602
595
589
599
589
582
592
587
585
582
589
581
579
591
580
576
586
578
576
579
481
646
572
581
571
568
459
656
568
570
576
570
567
569
571
563
569
572
560
565
568
564
561
563
575
562
559
568
567
563
562
564
565
551
563
566
563
558
561
564
553
558
564
562
555
556
567
560
556
560
564
560
554
563
563
556
559
559
557
551
560
561
548
555
555
559
551
549
559
550
547
548
552
554
540
546
551
549
541
410
694
556
546
552
551
547
547
545
549
536
543
549
545
540
541
548
550
536
541
545
551
539
537
548
548
539
542
545
548
538
543
545
553
540
543
549
544
544
543
555
547
539
546
546
551
545
538
548
553
554
544
548
558
554
547
551
558
563
565
567
561
563
570
577
574
574
583
587
577
579
586
587
576
580
586
584
576
582
584
584
584
576
580
584
579
573
578
579
576
578
568
570
578
579
575
585
590
603
602
604
610
615
635
640
631
639
632
631
642
639
643
652
655
647
654
666
674
679
688
705
692
688
694
693
684
690
695
704
690
693
710
704
697
711
729
729
707
733
717
753
723
750
770
731
734
767
741
728
743
741
716
714
729
729
706
711
736
735
719
735
767
764
731
730
722
706
705
714
736
709
712
731
739
716
714
747
740
715
715
750
735
718
722
749
740
728
732
745
743
721
748
748
743
721
736
768
747
716
787
796
750
734
781
778
760
732
778
786
761
734
765
771
755
737
741
792
784
743
734
777
771
761
742
764
785
777
743
771
817
770
752
765
773
771
737
767
789
768
741
768
772
752
729
784
783
732
735
775
770
735
770
779
771
734
777
786
757
736
786
787
754
750
807
783
760
776
793
785
754
789
810
774
763
780
805
772
759
804
815
776
765
826
876
829
814
830
835
825
803
814
815
814
800
803
813
813
783
787
803
777
752
763
813
770
750
772
776
775
750
777
809
791
755
757
803
779
756
770
795
786
753
781
782
799
761
780
798
774
766
766
807
799
764
859
835
790
790
832
824
791
829
821
799
776
763
756
730
735
772
758
738
766
763
726
771
799
746
742
772
764
752
766
785
786
764
793
785
790
781
795
792
788
779
784
777
764
771
891
821
808
774
774
797
836
816
817
809
792
821
824
778
785
789
782
804
835
806
795
788
793
805
792
783
799
800
797
813
800
780
840
842
827
813
830
837
821
809
848
848
815
830
839
830
821
836
838
810
858
838
817
806
807
746
733
825
790
766
688
734
771
854
791
812
813
799
745
755
798
788
782
795
789
768
899
850
831
810
830
813
768
827
790
777
776
869
825
826
811
822
823
806
835
781
758
840
790
787
854
835
827
806
822
815
809
429
1163
834
768
786
791
775
775
814
799
778
797
806
776
760
847
785
786
843
825
832
814
822
835
825
775
823
806
795
842
803
748
751
785
819
852
835
799
814
781
763
780
784
795
759
774
770
753
852
838
793
782
754
854
808
805
806
779
758
768
824
761
755
756
746
794
852
811
814
780
794
781
771
760
799
781
765
792
796
774
763
801
791
754
745
819
786
775
810
830
772
782
756
777
779
757
752
774
785
761
763
786
782
761
769
769
748
746
759
759
748
741
767
768
753
749
774
771
747
744
761
763
747
746
750
741
782
736
655
661
859
808
825
793
770
783
786
774
808
774
775
863
801
829
813
779
777
805
791
779
766
814
816
801
792
821
826
786
804
827
814
797
785
806
810
788
773
804
797
781
772
803
801
783
768
812
824
801
779
814
