580
580
589
590
595
594
596
593
594
589
587
590
593
596
599
598
604
606
609
602
607
604
606
605
595
603
600
601
601
593
592
593
587
585
577
583
587
588
586
584
593
595
594
594
597
604
603
598
594
603
603
597
598
598
604
595
587
592
590
590
585
587
590
594
593
588
595
596
598
593
598
599
602
604
601
597
601
600
603
595
601
600
598
596
594
599
596
598
595
595
599
593
584
584
579
573
580
579
580
576
576
583
579
585
579
588
596
594
599
597
604
605
604
601
600
606
602
602
591
595
598
592
590
588
585
588
590
589
587
589
588
586
587
584
590
589
592
592
592
599
597
597
594
601
601
602
596
602
604
601
598
596
604
600
599
594
596
600
601
598
590
590
592
588
585
581
584
587
588
587
585
593
590
588
585
583
587
586
584
584
588
589
590
592
587
593
589
591
583
593
590
589
585
587
591
588
587
585
591
589
595
586
590
593
595
592
586
594
592
595
593
586
597
593
600
591
597
596
597
595
594
596
598
595
588
592
593
591
588
590
589
592
592
589
596
593
594
590
595
594
593
594
597
597
601
600
596
600
594
599
592
583
582
580
578
583
583
582
577
580
586
589
583
581
583
585
590
584
589
592
596
595
598
597
602
598
600
598
604
598
602
592
598
595
596
591
594
598
595
595
594
599
596
595
597
604
608
610
604
600
603
603
599
600
601
599
597
598
594
595
600
599
600
591
597
598
598
596
593
597
591
591
587
592
591
591
586
586
590
587
589
590
593
596
594
593
591
593
594
591
587
595
593
598
595
597
600
595
595
602
593
594
592
594
595
596
595
596
600
596
592
597
594
593
594
601
595
596
598
598
602
601
599
600
599
600
594
596
595
592
590
596
594
592
590
596
592
591
591
591
589
592
591
594
594
595
590
596
591
593
587
592
588
588
582
585
581
580
577
578
581
579
578
583
584
585
585
588
589
592
586
589
590
594
597
600
594
591
588
582
586
588
585
583
587
588
593
589
591
594
589
592
590
588
580
574
575
572
576
576
576
572
574
577
576
572
579
577
581
577
581
579
583
574
571
577
575
574
574
576
578
581
582
580
581
582
581
577
580
579
580
575
574
576
576
574
573
578
577
578
574
574
573
575
570
570
570
572
567
567
571
569
570
566
569
571
569
573
568
573
570
573
567
566
568
565
566
563
570
566
565
564
561
568
568
571
569
566
569
567
570
566
570
568
569
569
568
572
573
570
571
569
570
568
566
566
570
573
572
571
567
575
573
574
572
576
579
584
580
579
579
577
582
581
581
583
581
582
579
585
585
585
580
578
584
579
581
576
579
579
575
578
576
579
581
583
583
585
585
585
586
584
586
585
586
579
581
585
584
583
585
592
594
595
592
586
586
578
561
558
553
561
553
561
563
565
561
557
551
550
544
542
541
539
536
532
532
527
523
520
517
517
514
510
508
508
501
500
496
494
489
488
484
485
482
479
478
474
477
474
471
468
467
465
462
460
460
456
459
452
453
452
451
449
445
445
446
443
441
438
440
441
438
437
437
435
439
434
435
433
437
436
432
433
433
432
436
859
431
431
432
424
429
427
428
427
426
426
428
425
429
428
425
429
427
427
426
426
428
425
425
426
426
425
424
423
422
424
846
421
420
1262
417
419
418
417
418
413
415
417
413
416
411
415
412
414
413
409
415
412
412
414
406
409
410
413
412
405
409
411
408
412
403
408
412
407
407
403
407
409
406
404
403
405
409
404
405
404
402
409
403
404
405
401
406
402
404
405
399
402
403
400
405
396
401
402
400
400
396
398
403
397
398
396
398
402
397
398
396
396
402
795
395
395
397
790
396
392
398
395
395
396
393
399
395
394
395
398
397
393
393
395
396
398
391
393
393
398
396
393
392
394
395
396
390
395
394
395
393
389
395
392
394
393
388
393
394
390
390
390
394
392
390
394
387
391
394
394
391
782
388
389
390
391
393
385
388
391
391
393
385
387
389
392
388
389
388
387
391
388
387
388
388
392
392
383
388
389
392
392
384
389
388
391
391
388
388
387
390
781
384
390
1183
399
398
403
402
404
403
403
404
406
1654
409
412
413
411
410
820
409
413
411
414
412
414
413
415
1251
413
413
416
1664
412
414
418
415
413
412
419
416
422
421
418
422
425
1687
418
423
420
418
423
421
418
427
423
428
422
426
429
428
432
426
433
438
435
438
437
440
443
443
441
442
443
450
448
446
452
445
452
455
455
454
458
454
455
457
457
457
456
456
462
462
463
458
460
457
453
451
449
449
448
445
446
448
446
449
448
448
450
451
449
452
449
451
454
452
453
455
454
455
458
457
459
460
459
462
463
462
467
462
467
468
467
468
468
468
470
471
469
470
468
469
475
472
477
476
476
477
479
476
478
476
479
479
479
484
480
485
488
486
488
488
486
490
490
488
487
484
489
489
487
489
487
489
492
490
492
1458
481
482
481
482
483
483
484
480
500
515
515
515
516
513
510
516
511
512
508
508
511
510
511
504
504
507
504
507
503
507
507
510
510
509
514
510
515
512
510
513
512
514
509
512
513
517
516
513
518
517
521
520
518
521
519
521
514
518
515
517
519
511
519
512
515
509
512
511
511
513
514
518
514
516
519
518
521
520
519
523
520
524
526
521
524
523
528
529
526
528
531
531
534
529
529
529
530
531
524
529
524
529
525
525
528
527
529
525
526
527
528
531
525
527
526
527
530
525
528
527
528
529
524
528
529
532
533
527
531
529
533
532
527
531
530
536
533
529
532
530
536
530
533
534
535
538
532
536
535
538
536
532
534
534
534
534
529
529
527
530
528
529
529
530
532
529
531
533
533
533
532
536
534
540
536
537
542
540
541
538
541
540
542
538
537
541
536
540
536
536
535
536
537
533
536
536
536
539
536
537
536
537
535
536
537
535
533
532
533
529
529
533
533
532
529
532
531
532
532
530
533
536
538
536
536
539
538
542
539
540
544
541
541
540
538
541
540
545
542
541
544
545
547
541
543
544
546
543
541
543
541
540
538
542
538
541
538
539
537
539
540
539
543
543
544
541
545
544
543
537
537
536
531
534
533
535
535
533
538
537
541
541
539
543
543
548
546
545
550
549
552
547
553
551
554
551
553
555
551
554
552
555
553
558
556
552
558
555
556
553
554
551
553
547
548
545
542
537
536
538
560
560
568
570
574
570
570
566
564
560
560
559
555
550
550
546
546
544
545
542
543
540
541
542
544
543
543
545
545
548
549
548
553
553
558
555
559
557
560
561
555
561
559
564
561
563
560
561
562
557
557
556
555
553
557
554
555
553
556
554
558
556
561
559
563
558
558
559
561
557
554
552
548
547
548
544
550
547
549
544
550
546
552
553
549
554
553
558
558
560
559
560
560
558
559
560
560
555
560
559
561
558
560
561
563
562
562
564
564
568
568
564
571
567
570
569
569
570
571
572
569
572
574
575
578
576
587
583
588
583
582
582
586
583
581
583
582
580
573
580
573
579
573
573
569
570
566
569
564
560
557
554
548
548
546
549
548
552
551
548
553
549
555
553
555
551
557
558
556
559
562
564
566
564
565
569
573
568
571
567
570
567
567
566
565
563
562
566
565
565
569
575
576
580
582
580
586
583
583
576
577
574
577
571
