1015
968
977
979
1002
964
978
1007
1006
976
993
1022
1018
986
1004
1035
1028
994
1017
1031
998
972
1008
1023
1005
1018
1047
1050
1019
1022
1049
1046
1024
1028
1037
1020
982
1011
1043
1008
999
1001
979
959
989
1002
990
998
1032
1039
1012
1004
1017
996
968
981
992
979
976
992
939
948
952
967
947
947
950
925
936
936
915
916
903
890
889
893
898
885
903
911
893
904
890
887
892
879
886
894
902
889
912
896
888
896
891
882
896
888
887
903
905
881
900
899
879
889
887
872
877
891
878
896
907
889
896
902
879
878
880
866
865
878
889
877
885
892
875
875
888
879
870
891
897
886
893
909
883
888
897
884
877
889
904
891
901
908
883
888
906
899
903
935
948
922
918
927
896
870
861
859
853
873
854
885
877
865
873
869
861
869
859
859
843
842
831
820
837
842
833
846
869
869
887
886
892
911
907
892
897
913
896
907
908
891
896
923
920
900
909
918
893
904
904
884
885
896
893
880
889
896
877
881
883
865
869
874
867
879
893
872
875
883
888
868
883
896
874
883
891
888
878
889
887
873
883
876
874
890
899
885
896
898
891
871
881
882
869
861
885
897
890
903
918
899
892
900
906
876
888
894
887
872
884
897
884
875
892
883
866
881
880
860
872
875
863
881
890
876
870
881
880
866
872
866
861
862
864
851
848
852
859
846
856
860
843
851
858
858
851
865
865
847
854
857
852
854
866
871
864
872
886
862
865
875
865
866
878
874
866
878
886
871
866
875
869
862
864
869
858
862
873
873
860
871
885
876
887
892
893
876
887
895
884
868
873
882
874
859
871
854
855
855
847
830
833
824
825
816
813
812
808
798
798
798
807
807
830
846
829
834
829
815
829
825
829
833
796
817
804
812
810
787
789
776
775
755
756
750
731
730
718
720
715
700
684
672
668
667
657
657
656
656
651
656
655
662
662
668
670
667
670
668
665
666
665
663
657
657
655
650
646
648
649
646
653
665
662
663
663
661
667
667
659
658
651
647
644
641
635
637
636
630
631
623
625
616
618
613
610
607
603
604
600
597
592
588
591
588
588
584
581
580
579
579
577
573
571
572
570
569
565
564
565
563
565
561
561
557
560
557
556
551
551
551
555
549
554
549
559
563
557
551
551
556
551
547
550
551
546
547
552
549
549
546
550
548
548
542
544
544
545
550
551
556
563
563
568
574
575
586
599
595
599
602
588
576
569
566
563
558
553
558
554
557
557
555
553
549
549
547
545
551
542
541
540
538
531
536
529
529
527
522
531
520
520
518
515
513
513
511
509
506
504
507
505
502
502
498
498
501
502
505
505
510
515
521
532
538
538
540
540
543
555
560
561
569
580
571
556
559
565
572
579
595
609
614
614
607
605
608
607
601
607
609
618
608
607
608
617
623
634
629
632
631
635
628
625
624
626
630
632
633
642
647
660
679
673
664
668
674
693
699
684
672
671
683
704
696
688
680
668
647
633
629
627
630
633
629
631
631
632
630
629
634
636
640
638
640
639
634
626
628
629
633
631
633
631
631
632
630
631
629
632
633
637
640
640
638
634
630
627
622
620
614
614
633
639
652
655
653
657
657
660
672
683
694
699
696
694
695
699
707
697
689
695
703
711
703
703
710
719
724
713
711
715
721
728
715
717
722
729
730
721
721
726
741
745
735
743
729
725
720
713
721
731
841
817
790
779
777
782
765
756
763
789
776
764
756
757
754
742
747
742
741
731
732
725
723
715
722
735
750
760
757
764
762
768
758
745
753
764
766
758
771
791
775
766
772
778
782
774
769
774
793
776
766
771
777
776
765
771
783
799
770
764
766
771
772
761
757
761
773
790
761
776
805
812
787
778
819
813
810
782
789
808
786
777
787
808
783
770
777
778
762
755
757
754
742
748
747
740
733
721
719
712
724
731
737
739
732
737
733
723
724
737
729
734
729
727
731
743
762
759
767
778
801
773
768
775
787
788
770
775
785
814
791
796
830
842
840
820
816
816
820
792
787
789
789
779
779
784
808
804
787
798
820
816
802
794
821
833
853
842
850
859
855
830
822
809
781
778
789
773
775
792
773
796
803
799
802
803
798
783
801
793
780
797
799
794
783
798
789
792
796
792
796
801
788
799
800
796
796
808
813
797
810
814
808
810
821
822
808
813
824
828
820
824
814
808
791
774
777
776
764
770
775
766
765
777
774
788
799
807
811
810
795
786
791
792
776
790
793
795
793
809
815
813
827
833
821
826
829
842
831
833
839
835
827
838
842
849
834
841
845
826
825
815
813
821
821
821
830
842
848
836
835
836
838
825
831
839
855
840
848
851
859
842
843
844
834
831
837
840
850
860
870
866
854
831
834
827
826
818
835
832
820
836
831
834
845
850
849
857
851
830
832
816
804
799
796
801
794
787
780
799
792
792
801
784
785
785
768
766
767
769
771
771
769
778
782
783
791
794
785
797
793
791
786
791
794
798
808
800
809
814
820
819
827
824
816
825
825
815
806
810
813
807
818
827
819
837
828
840
848
848
845
834
828
829
818
826
837
827
837
848
835
842
852
850
848
836
845
855
848
838
840
840
846
832
833
828
823
826
843
865
845
856
849
833
819
819
816
812
810
813
820
810
821
808
