706
712
715
703
714
713
711
715
723
725
722
722
730
729
725
728
728
727
728
731
722
721
729
719
720
728
727
727
732
730
743
734
730
737
737
730
729
735
732
738
738
741
745
742
743
750
741
735
736
732
736
735
741
733
738
740
736
735
741
741
729
735
732
731
730
733
729
730
733
734
732
735
735
736
737
741
738
731
737
737
731
729
734
734
726
738
743
742
747
752
763
757
763
761
755
753
755
755
748
757
755
749
751
754
756
758
753
757
750
755
759
755
755
752
751
745
746
746
743
739
743
740
744
752
753
747
746
748
742
744
744
744
739
743
744
741
739
741
742
739
744
748
743
746
747
748
746
745
749
748
745
748
746
737
740
737
735
743
739
745
739
741
741
737
739
742
747
744
746
751
748
749
753
750
742
741
742
741
741
748
749
746
752
754
751
748
750
750
743
748
751
753
752
754
757
750
754
749
745
745
742
739
738
741
745
739
743
750
744
747
755
747
747
751
751
752
751
751
747
748
742
744
740
739
739
736
735
734
732
728
735
735
733
736
735
732
730
732
730
729
727
730
729
725
726
732
727
733
733
737
728
738
737
737
753
745
746
750
748
425
1064
735
729
724
724
725
723
725
730
731
732
733
741
743
742
746
743
743
745
746
749
740
746
742
740
738
738
731
729
731
728
726
732
732
725
729
730
729
726
729
729
724
729
735
730
731
735
738
733
740
740
735
735
740
734
736
736
736
735
739
740
736
735
739
738
732
738
731
719
710
714
725
732
738
737
749
748
742
740
741
740
735
738
746
740
743
747
749
746
754
752
748
747
749
749
747
751
747
744
745
745
746
739
742
742
744
742
740
741
742
745
749
744
740
747
741
740
742
737
735
738
739
738
740
741
744
747
744
752
752
748
413
1077
738
734
731
734
733
735
733
731
733
737
734
738
740
738
735
739
739
732
734
736
736
735
741
746
742
743
748
744
487
1011
739
732
734
733
730
735
740
740
738
744
749
749
748
750
746
747
751
752
743
738
762
826
807
804
469
970
800
780
767
754
760
752
754
751
758
756
758
764
766
757
748
726
722
721
709
706
696
694
687
684
681
681
674
672
669
664
666
662
661
654
656
650
648
646
641
640
639
637
644
647
647
648
648
646
646
641
640
643
638
635
634
637
633
635
631
631
634
631
628
624
626
623
624
621
618
617
617
613
612
609
611
603
601
600
597
595
594
596
592
595
589
590
590
588
588
582
584
583
580
580
576
575
575
574
571
572
572
568
564
571
568
564
563
567
565
563
559
566
562
563
559
560
558
554
557
555
557
550
555
551
551
549
554
553
553
551
556
555
555
557
557
555
558
555
559
552
553
552
553
553
554
392
715
557
549
547
550
548
546
553
555
555
551
557
555
551
545
554
551
549
544
550
546
546
438
646
545
541
534
534
536
535
530
528
528
528
531
526
521
523
527
524
521
528
527
527
527
533
382
678
529
528
522
411
644
529
523
525
525
526
524
523
523
527
524
524
521
520
521
521
520
517
521
520
520
515
521
520
520
514
521
520
521
520
526
523
520
521
521
521
518
518
522
521
518
516
521
518
518
514
519
520
518
512
517
517
516
512
516
514
516
511
515
516
515
512
512
515
511
510
516
517
517
516
522
521
520
521
521
540
542
548
546
540
546
545
543
539
545
544
541
546
546
550
548
553
551
553
554
549
548
552
554
549
548
552
548
545
540
539
541
541
538
541
545
545
542
539
538
545
543
546
547
551
549
551
555
554
561
561
557
556
553
551
557
563
559
567
578
578
577
591
584
590
597
604
605
601
606
601
589
577
575
589
596
592
592
608
600
607
618
625
619
615
626
630
624
620
628
633
627
629
627
646
639
633
636
644
634
638
636
647
637
641
641
645
644
630
638
633
630
622
632
634
629
627
630
631
634
640
638
644
610
675
647
650
650
644
654
660
659
657
659
658
661
653
664
656
661
391
939
655
645
636
646
645
647
649
665
664
665
664
685
660
648
638
643
654
667
658
667
679
675
683
674
686
675
678
671
683
676
680
673
684
681
679
675
687
685
684
680
688
685
678
682
688
692
688
694
696
689
688
697
699
693
700
693
702
698
701
701
690
694
689
687
688
700
694
696
697
695
696
694
698
693
697
696
693
694
692
693
689
686
690
688
691
690
695
689
694
695
699
403
987
688
680
680
674
681
688
688
690
703
712
705
709
711
712
698
704
401
986
688
673
674
671
684
684
680
683
692
696
700
704
716
716
709
713
716
714
711
720
716
715
716
714
715
708
712
710
704
709
710
708
702
710
707
708
703
712
708
707
711
714
711
706
713
706
709
706
714
714
710
713
716
717
706
719
710
711
706
713
707
705
705
713
1426
709
701
698
696
698
702
698
707
713
716
718
730
728
723
728
732
730
720
729
729
729
733
732
735
729
733
730
723
729
726
723
726
729
726
721
729
725
728
719
723
724
714
724
719
716
716
707
709
711
720
409
1028
715
709
712
712
717
720
409
1037
722
715
709
717
723
723
726
738
740
735
738
744
741
738
738
722
710
710
710
711
724
725
727
729
734
736
734
740
739
740
737
738
734
729
736
735
733
733
732
732
729
729
730
729
729
728
729
723
728
724
730
727
732
732
731
733
738
738
733
732
733
730
735
740
742
736
742
741
736
734
739
737
739
740
745
746
742
748
741
746
736
736
734
732
729
729
729
728
729
730
727
733
728
730
729
733
733
729
735
733
735
732
738
738
738
736
737
736
736
736
736
729
738
736
735
734
739
741
738
747
748
746
744
746
747
741
742
734
734
733
738
738
745
747
749
748
748
747
750
741
747
746
746
743
740
738
737
736
786
791
778
779
781
774
