987
991
1014
1024
1007
1006
1012
1001
993
1022
1030
1002
1008
1033
1035
1011
1013
1046
1035
1016
1032
1051
1014
1004
1028
1009
998
1019
1029
1002
1007
1038
1018
1010
1027
1034
1008
1004
1025
1023
1005
1014
1028
1006
1008
1031
1022
1003
1013
1035
1013
1017
1029
1041
1022
1031
1045
1039
1029
1053
1060
1027
1034
1049
1027
1024
1041
1048
1021
1024
1041
1043
1019
1031
1053
1026
1021
1034
1045
1019
1026
1045
1038
1023
1037
1039
1041
1027
1041
1062
1032
1039
1054
1064
1044
1047
1056
1046
1040
1045
1053
1042
1036
1041
1044
1025
1029
1035
1030
1022
1034
1039
1028
1028
1040
1037
1030
1036
1044
1046
1039
1042
1052
1022
1028
1048
1041
1021
1035
1050
1040
1027
1046
1045
1036
1031
1036
1044
1038
1029
1034
1041
1040
1032
1043
1045
1038
1036
1044
1044
1033
1041
1047
1049
1040
1050
1057
744
1265
1067
1063
1057
1048
1054
1054
1057
1046
1052
1058
1051
1046
1051
1053
1046
1046
1055
1055
1046
1056
1059
1044
1048
1052
1051
1040
1046
1055
1055
1047
1052
1059
1053
1050
1059
1055
1046
1048
1053
1055
1058
1054
1047
1052
1050
1041
1050
1056
1048
1045
1054
1060
1049
1053
1062
1058
1051
1057
1064
1058
1052
1057
1062
1061
1051
1057
1061
1064
1054
1057
1061
1061
1049
1056
1063
1056
1050
1055
1057
1051
1043
1046
1049
1041
1042
1047
1043
1045
1050
1040
1054
1054
1058
1069
1066
1060
1076
1076
1064
1063
1066
1060
1054
1063
1063
1055
1058
1066
1060
1059
1067
1070
1059
1060
1067
1065
1054
1063
1067
1061
1060
1063
1064
1052
1058
1064
1067
1053
1062
1063
1052
1045
1052
1054
1040
1046
1053
1046
1045
1055
1056
1045
1047
1053
1056
1048
1053
1063
1061
1054
1063
1070
1068
1060
1068
1074
1063
1063
1066
1065
1053
1058
1061
1058
1046
1049
1054
1047
1039
1049
1052
1046
1042
1052
1056
1043
1050
1057
1057
1046
1053
1061
1057
1053
1060
1063
1041
1035
1032
1017
1006
990
1007
998
985
1003
1018
997
1002
998
994
1005
1007
1006
1020
1012
997
989
980
974
963
945
944
945
932
945
949
942
945
946
937
937
927
928
928
914
924
934
920
938
941
938
957
963
966
981
975
958
963
964
949
948
938
936
938
923
930
929
915
920
917
913
911
898
905
900
904
903
904
893
902
902
897
901
899
888
894
891
882
889
882
882
890
881
878
887
873
882
883
862
867
872
857
867
868
856
871
868
857
863
869
854
868
868
854
863
862
852
856
854
850
853
849
842
852
850
840
847
848
840
850
837
836
844
840
837
852
864
840
836
832
848
851
840
849
847
838
845
833
832
842
840
833
846
842
838
839
851
847
843
845
860
856
863
864
866
858
871
878
879
877
896
892
881
887
895
888
881
894
894
882
892
893
892
890
893
898
911
919
907
916
927
921
916
927
927
911
915
923
917
913
911
926
924
909
918
903
915
911
906
907
919
919
913
913
927
925
919
919
939
938
929
952
942
941
930
941
942
936
935
944
949
943
939
949
955
943
944
955
955
944
952
956
953
948
960
962
946
949
956
949
940
954
953
937
931
954
948
935
934
956
939
931
951
963
938
945
969
947
941
966
971
939
939
957
938
926
946
954
929
933
964
944
931
938
959
949
935
938
943
949
940
940
953
953
943
953
961
953
950
962
961
949
960
967
955
962
971
968
949
967
972
955
951
985
981
951
965
989
970
967
995
1000
971
975
998
982
968
997
963
961
989
994
993
984
996
995
985
997
1006
998
1000
1006
1013
997
1002
992
1012
1012
1004
1025
1039
1018
1013
1032
1029
886
1147
1026
1016
999
1003
1013
992
982
997
998
984
986
1004
1005
996
1002
1015
1015
1002
1014
1019
1005
989
1013
1011
997
991
1023
1017
999
1014
1026
1022
993
1027
1025
1010
997
1031
1032
1006
1016
1044
1029
1017
1039
1049
1016
1023
1028
1023
1011
1020
1031
1025
1017
1036
1042
1027
1025
1043
1033
1020
1035
1029
1021
1039
1044
1032
1037
1048
1045
1030
1041
1043
1029
1025
1038
1039
1026
1035
1045
1035
1032
1048
1051
1037
1042
1052
1053
1040
1046
1052
1046
1037
1052
1055
1039
1045
1052
1045
1039
1057
1055
1049
1044
1057
1054
1040
1045
1052
1038
1033
1045
1037
1028
1037
1047
1041
1037
1049
1057
1042
1049
1059
1060
1047
1046
1052
1048
1037
1053
1059
1050
1044
1051
1055
1046
1040
1053
1056
1042
1043
1048
1049
1038
1047
1057
1049
1043
1051
1051
1050
1052
1051
1040
1055
1054
1039
1044
1048
1040
1034
1048
1053
1044
1042
1058
