759
762
761
743
773
736
748
795
784
746
771
811
765
771
812
819
751
734
743
780
801
746
767
778
801
750
764
778
777
743
783
810
792
736
759
791
782
730
752
762
777
771
749
789
816
803
776
801
819
830
781
801
819
828
789
801
826
792
756
794
810
774
770
812
830
787
792
823
827
779
799
810
814
763
797
809
820
772
792
814
817
775
809
857
842
798
831
841
816
771
803
823
810
782
796
826
815
782
801
811
763
785
795
781
744
787
821
831
785
807
858
838
805
846
862
857
823
849
873
874
828
851
868
859
821
847
871
853
848
883
892
857
863
871
873
847
877
890
868
835
864
878
873
829
863
867
844
805
818
838
832
793
838
859
855
819
839
855
869
843
867
883
903
865
875
883
883
848
846
852
859
830
818
829
842
808
802
827
855
819
831
864
871
838
848
859
859
833
810
821
821
778
785
803
823
795
805
830
853
813
813
840
850
824
822
846
863
832
827
834
859
829
825
837
852
818
803
822
847
823
790
815
842
816
775
814
828
816
771
797
836
853
807
810
847
845
806
824
837
848
824
831
858
865
839
826
852
860
852
827
855
849
819
816
824
834
799
796
821
825
752
745
760
765
730
735
775
795
771
784
807
842
801
812
852
844
846
822
854
863
865
827
818
840
848
830
816
830
849
843
804
816
843
834
795
802
823
829
790
819
841
831
782
805
833
836
791
790
803
811
780
770
808
817
774
768
785
773
746
760
777
786
753
766
805
817
786
794
816
831
808
745
753
797
821
853
822
844
878
889
883
867
884
892
892
857
832
845
857
858
806
833
839
859
821
849
852
882
851
880
908
880
893
890
900
856
870
888
885
854
877
868
850
850
858
868
841
815
829
854
808
821
831
837
797
813
833
820
797
832
862
872
836
841
869
863
820
848
868
848
803
814
833
823
793
810
838
841
804
809
856
870
822
841
874
876
849
862
883
896
878
854
874
891
880
858
863
832
804
731
729
718
694
696
704
680
675
689
676
666
674
670
653
662
658
654
662
680
671
679
692
657
648
663
667
692
681
644
633
644
638
619
639
611
604
609
599
584
595
584
577
578
580
570
567
564
564
554
554
559
546
543
554
540
548
543
543
543
531
544
537
532
540
524
529
538
526
527
530
526
529
526
527
532
523
522
532
524
521
522
520
520
513
517
517
509
517
510
512
511
506
503
503
500
500
496
500
495
492
497
495
494
489
492
492
493
493
488
496
485
490
490
489
481
488
487
483
486
483
490
972
487
482
486
481
482
479
487
485
481
486
480
481
483
480
479
480
483
479
480
478
481
479
479
479
482
478
480
481
478
480
477
481
479
478
475
474
479
473
474
474
474
467
471
471
469
464
469
468
463
462
467
463
461
464
462
462
462
460
461
465
460
461
461
463
460
462
462
464
462
462
462
460
461
461
460
458
461
456
457
459
455
453
458
456
455
452
458
458
453
456
452
456
453
455
454
453
454
454
449
454
452
451
454
453
456
455
453
453
451
452
452
453
452
450
451
452
456
450
453
453
454
452
456
454
450
450
455
452
450
451
452
452
449
451
454
454
453
452
454
454
452
453
454
453
453
454
453
457
454
456
456
452
454
453
459
452
455
459
461
458
461
465
471
473
469
473
482
478
474
481
487
495
484
489
500
501
495
495
495
495
488
490
490
482
491
496
505
494
497
502
504
499
496
501
505
493
490
491
492
485
480
481
482
492
494
490
511
525
530
510
520
534
536
514
521
540
544
530
523
550
564
551
527
543
550
545
529
552
605
579
561
593
603
575
557
575
571
552
539
554
575
573
549
578
627
599
590
636
629
588
618
631
616
583
612
634
613
581
601
607
588
572
618
621
606
606
666
675
621
658
699
666
654
694
782
710
686
729
748
669
709
751
720
669
702
744
691
684
717
706
654
681
740
706
663
696
723
686
636
659
708
721
675
669
709
717
660
657
691
673
622
597
612
626
671
705
706
699
823
905
813
818
855
827
781
815
848
812
781
826
846
799
768
795
755
746
755
756
739
722
738
755
736
748
806
822
771
780
800
765
734
757
770
741
730
757
790
754
736
750
738
710
706
745
735
702
759
813
786
781
821
797
749
779
798
762
739
778
805
750
743
779
809
771
763
782
787
751
762
782
751
722
762
808
768
805
834
780
779
808
806
755
753
771
777
751
745
745
736
706
707
737
745
719
712
758
792
763
743
756
781
753
746
750
776
737
741
761
787
736
735
751
750
717
717
734
722
685
694
676
649
610
593
589
582
609
660
708
736
681
724
761
816
866
862
794
820
872
878
833
837
857
854
811
804
812
805
762
806
804
762
772
788
778
762
766
780
784
749
748
763
768
734
733
747
767
732
726
749
756
727
743
764
753
722
731
735
731
700
716
728
732
705
671
660
646
639
629
640
637
623
613
607
605
615
620
635
626
617
604
625
661
661
669
695
734
728
703
688
716
737
709
687
707
720
707
684
682
691
698
677
677
704
718
699
704
728
729
700
686
707
745
727
710
737
760
737
713
729
749
697
707
705
696
716
734
725
712
717
716
714
705
683
692
720
721
707
725
752
727
709
746
723
739
738
740
711
726
694
712
726
738
699
678
646
639
624
627
614
620
615
622
612
626
625
647
658
644
659
691
681
684
724
721
696
694
741
728
694
723
754
738
714
746
792
750
739
780
774
727
741
729
729
740
775
735
752
766
763
747
768
718
723
723
729
722
717
731
736
702
694
697
714
710
719
690
697
708
679
686
708
717
712
