904
868
856
867
867
866
855
845
859
875
889
892
902
900
844
841
878
877
845
855
878
892
877
898
896
906
890
850
852
868
875
858
856
872
887
876
861
859
880
884
878
869
829
793
784
798
792
809
826
855
877
898
903
890
875
864
856
861
850
848
845
865
893
904
896
903
895
897
896
884
870
868
863
852
849
850
857
873
894
903
908
909
910
905
899
889
878
877
849
813
790
786
788
796
794
798
823
830
848
855
865
864
861
850
849
817
826
826
799
818
823
828
824
817
807
798
826
846
866
890
897
896
896
901
874
862
856
845
833
847
851
874
875
866
829
808
785
797
817
798
802
819
813
817
839
852
864
875
875
871
867
867
835
827
819
808
807
804
823
839
851
864
866
871
865
849
846
849
837
835
841
843
843
838
829
837
849
857
856
855
855
848
830
816
798
790
793
778
778
779
801
818
822
820
829
842
849
858
872
874
883
890
868
848
840
833
823
811
816
831
840
842
852
854
845
841
846
843
841
835
834
845
853
861
861
861
860
854
844
828
827
826
825
803
823
812
812
808
805
785
768
756
752
760
757
764
782
785
800
806
822
833
837
832
826
823
824
829
813
822
816
813
805
808
807
821
837
850
861
859
860
855
855
845
840
838
833
834
831
833
830
839
816
819
823
816
817
813
809
808
815
814
818
825
830
824
818
810
805
799
803
802
806
812
813
815
817
826
818
800
799
807
811
828
828
841
849
851
854
850
848
836
804
810
815
813
820
826
812
823
828
834
852
858
863
868
873
867
834
842
844
844
843
844
854
839
820
825
823
829
822
813
811
825
820
821
823
805
805
814
830
841
857
851
860
861
854
854
845
814
813
817
819
817
821
840
806
806
815
820
821
831
841
839
841
813
812
823
829
828
839
841
819
824
828
827
827
826
810
807
809
821
846
862
880
883
889
859
848
821
819
820
841
870
867
878
896
882
856
843
830
825
835
846
859
879
894
895
863
843
854
878
891
886
889
905
908
861
829
809
802
767
752
728
759
748
745
753
741
740
714
704
712
705
704
709
712
720
728
731
738
738
750
763
766
763
734
704
716
713
732
711
697
696
688
689
686
691
691
685
677
672
667
669
664
670
663
660
651
649
644
646
653
654
645
640
636
630
634
640
637
630
631
618
610
620
625
619
610
601
604
619
616
605
597
601
606
605
594
597
601
594
588
580
587
589
593
578
580
583
580
572
565
573
582
579
567
557
565
573
565
553
550
559
564
554
545
550
557
550
541
537
548
546
541
533
533
532
533
534
428
614
525
526
529
523
521
518
526
524
524
514
518
518
519
512
511
509
512
517
516
513
504
508
504
510
509
507
502
501
504
506
496
496
495
497
502
499
490
497
494
494
493
490
485
487
486
491
487
483
485
485
480
485
482
479
477
475
478
480
478
480
471
472
470
472
474
472
470
467
471
474
471
469
467
465
469
468
468
457
464
467
465
461
465
460
461
467
462
457
457
457
462
462
458
455
454
453
456
460
461
454
454
455
457
456
458
451
451
451
452
451
455
452
454
447
449
445
447
451
448
453
448
446
447
446
448
451
447
444
447
445
447
450
445
445
446
444
449
453
451
448
452
456
448
454
455
456
451
452
456
457
460
462
464
460
458
465
462
461
461
466
467
460
467
474
469
463
467
471
473
474
473
469
474
478
484
490
495
488
496
507
523
527
533
584
605
610
747
722
673
647
606
594
572
543
532
521
513
513
517
509
506
511
517
518
513
519
523
535
535
529
536
536
549
544
535
545
549
548
546
546
544
546
554
552
563
563
594
602
623
645
642
621
615
612
617
615
587
578
583
596
588
583
577
592
604
595
589
585
587
599
593
588
587
596
620
614
608
602
604
598
636
644
650
644
687
710
680
660
675
684
677
658
640
629
656
648
639
630
649
640
631
632
653
658
636
627
649
663
657
644
640
664
677
658
647
664
687
660
643
649
664
664
659
664
681
660
643
651
661
701
670
692
714
702
695
706
705
706
689
688
690
704
715
703
709
713
732
744
713
711
722
749
721
745
744
699
714
751
730
717
688
710
716
694
686
686
729
748
735
732
770
759
737
732
729
752
727
741
740
738
713
740
770
720
705
716
752
747
729
716
720
719
697
673
655
686
729
752
765
729
709
736
763
729
749
770
757
756
731
729
760
752
726
718
748
747
752
714
701
728
766
797
805
811
805
784
777
746
774
778
783
760
709
685
719
734
780
780
780
771
762
751
746
761
756
733
737
744
787
788
799
787
780
780
744
760
746
774
791
782
767
762
763
774
755
745
745
779
755
749
762
771
776
762
781
790
778
762
741
750
774
780
757
781
789
819
818
816
815
817
782
770
767
782
791
799
783
751
733
712
693
694
728
749
804
807
803
785
755
768
783
799
794
807
773
783
796
817
766
802
827
801
779
795
824
829
841
798
796
820
821
828
779
777
795
810
792
798
826
838
836
803
747
758
770
804
795
765
763
771
768
761
759
737
744
715
738
736
719
736
723
741
739
741
752
752
747
754
758
767
762
756
763
777
768
743
750
752
766
755
754
756
783
789
766
796
783
781
766
798
786
813
789
767
776
787
798
794
776
807
795
791
771
802
795
813
773
795
791
804
771
767
778
780
763
767
776
791
774
782
794
807
813
784
792
796
799
802
788
795
800
824
840
799
790
802
805
814
779
786
802
804
795
787
809
823
829
803
794
809
