786
708
707
728
757
778
750
762
776
834
877
873
790
794
827
861
872
816
834
850
873
874
810
819
862
891
839
795
825
854
855
798
818
853
848
802
757
794
825
834
768
778
830
856
865
800
816
861
874
852
795
802
822
833
812
781
828
846
851
789
805
825
836
788
771
816
830
770
777
817
842
781
796
840
842
789
800
846
866
873
782
781
810
838
838
772
793
821
850
791
802
839
857
843
801
817
860
869
799
777
799
808
791
756
765
813
845
832
782
791
831
849
872
789
806
854
871
826
775
781
808
816
804
770
796
804
820
767
762
792
815
817
768
772
801
816
796
753
777
822
844
839
775
771
784
803
801
771
792
817
852
837
784
769
801
821
846
800
788
818
834
852
799
792
828
835
837
783
768
779
809
826
813
754
761
796
835
866
815
796
825
829
841
793
807
851
866
875
801
794
824
822
837
826
813
755
760
779
804
791
738
745
776
791
788
746
743
765
773
777
736
737
770
786
803
764
775
788
793
745
769
797
812
764
756
765
784
802
781
738
753
784
801
760
754
785
811
818
761
744
753
743
725
708
721
723
711
677
688
713
721
728
692
697
700
719
729
692
700
706
721
701
683
671
654
633
639
661
684
667
677
700
733
758
727
737
755
793
807
808
739
741
750
769
750
776
709
821
756
849
769
741
835
830
830
812
763
759
787
795
814
773
768
785
796
802
769
768
804
826
820
762
772
811
811
810
765
749
768
802
827
835
812
811
833
842
838
797
763
777
818
821
815
765
757
778
787
780
780
757
753
761
726
736
760
785
813
811
771
745
749
773
792
792
757
751
753
769
776
773
768
771
793
739
753
757
768
767
748
754
778
810
820
794
762
759
778
793
774
751
763
775
779
773
729
743
752
758
766
733
740
775
771
779
752
748
770
777
797
774
739
730
748
767
804
811
767
768
806
827
833
814
809
794
745
746
744
771
789
793
759
747
767
775
801
805
805
812
794
776
759
762
778
805
813
770
769
767
798
811
813
766
775
795
825
851
855
805
802
841
848
857
847
787
791
822
835
846
796
812
822
780
675
649
653
627
635
625
612
604
599
599
590
585
577
568
563
557
550
546
542
542
541
540
548
559
539
532
518
519
518
509
505
511
504
503
505
509
501
501
497
499
494
492
494
488
483
483
475
478
475
466
474
467
464
461
451
455
452
445
443
445
439
440
437
436
437
432
429
434
430
428
424
429
420
428
424
419
423
424
409
424
418
408
418
418
404
413
416
400
408
406
398
408
402
402
401
404
389
399
396
391
392
391
390
389
389
387
387
389
389
382
388
384
380
385
385
379
389
385
375
379
381
380
381
385
375
383
385
381
372
384
379
376
382
379
372
379
379
370
382
379
375
374
378
375
372
376
370
379
375
373
372
378
372
371
374
372
369
372
370
370
369
369
366
370
373
365
368
370
370
367
372
369
370
367
371
369
368
371
369
370
367
373
369
372
371
370
371
375
368
374
374
372
370
374
373
371
370
373
371
371
371
368
371
371
370
368
370
370
368
370
368
366
368
369
366
367
368
363
365
367
363
365
366
366
362
365
366
360
366
366
362
364
366
361
362
366
362
360
360
363
359
356
364
359
360
359
359
358
359
361
359
358
359
358
357
359
357
356
358
361
356
354
363
357
360
356
359
358
361
357
356
358
360
355
354
360
357
358
357
357
355
360
357
355
357
358
356
355
357
357
354
356
353
355
353
355
353
351
356
353
343
364
346
356
346
356
354
347
354
352
353
354
354
354
355
354
356
353
355
354
356
355
356
354
354
355
355
354
354
356
355
353
353
354
353
348
354
353
353
351
353
352
350
351
354
350
351
352
354
352
352
352
352
348
352
353
350
351
351
347
347
351
351
349
348
351
344
347
350
345
349
349
348
349
350
350
351
351
354
353
354
356
352
351
354
353
358
361
363
362
363
359
364
363
370
370
369
372
366
368
367
374
373
375
376
374
375
376
380
385
382
386
383
385
382
384
390
393
390
393
391
394
391
396
397
404
399
401
399
400
402
403
412
404
408
404
408
410
416
418
417
416
418
423
423
427
428
428
420
420
416
416
423
419
415
414
422
420
422
425
430
424
429
430
433
438
441
438
434
443
440
446
448
454
449
449
454
455
458
465
468
462
454
457
460
463
465
464
458
457
462
472
471
473
473
462
458
461
478
474
476
478
471
476
500
490
503
498
485
492
513
519
529
527
504
501
512
525
533
527
513
507
510
527
532
530
522
511
517
541
569
582
574
534
518
520
530
534
533
524
514
515
532
553
575
563
539
520
511
514
521
522
528
521
520
521
552
565
567
555
528
526
537
534
536
517
503
501
493
496
503
499
497
518
524
537
534
525
530
553
556
557
547
536
557
564
575
562
552
541
574
579
594
581
567
559
583
585
590
598
576
566
563
599
594
587
574
562
579
605
614
598
581
574
608
616
614
593
572
580
598
610
586
581
581
617
632
600
589
586
611
614
603
585
571
602
596
591
577
567
591
589
575
567
572
586
589
581
577
577
588
596
585
578
578
598
614
592
582
577
587
607
590
589
584
591
575
575
579
604
616
613
626
610
595
585
599
610
621
593
587
582
598
600
617
595
596
601
621
615
608
603
598
619
623
628
615
614
613
631
630
612
610
607
630
628
621
614
611
632
639
646
629
622
636
650
654
629
626
633
645
649
621
617
620
631
635
616
618
614
632
641
617
618
614
634
640
618
619
618
631
621
613
609
621
634
647
620
622
622
643
649
627
626
623
642
645
627
625
632
649
653
638
634
626
643
641
629
625
621
634
640
647
628
631
632
651
649
645
643
640
663
667
682
652
654
650
663
662
641
641
640
659
657
635
632
630
642
646
636
621
614
612
600
596
604
622
639
650
629
628
626
643
645
641
634
636
650
656
668
651
651
667
676
687
658
654
659
663
669
642
641
646
672
683
657
658
671
693
674
663
654
665
668
641
638
639
651
649
636
635
647
659
670
646
645
652
664
662
653
648
663
676
664
653
646
648
653
661
658
639
635
635
644
653
640
639
653
668
682
666
664
663
670
679
646
646
629
623
647
645
657
663
673
648
649
648
654
656
661
676
688
708
678
671
673
680
683
681
665
658
666
670
681
655
653
654
656
677
654
654
656
669
688
665
662
661
670
676
649
646
649
663
656
648
647
653
675
667
663
671
647
646
646
657
661
651
644
636
643
651
646
643
