834
816
823
817
845
831
829
804
783
776
770
766
767
772
785
780
776
775
770
777
784
780
783
778
786
788
778
776
789
791
784
785
788
775
774
774
775
770
764
766
772
767
758
746
737
748
766
772
776
772
784
794
791
789
777
774
770
764
757
755
759
762
761
750
748
751
760
764
755
746
724
732
760
773
788
792
792
787
784
771
774
772
776
778
782
783
780
780
776
782
780
787
778
775
766
761
766
772
787
773
773
765
772
777
774
771
773
780
794
795
790
785
786
786
784
786
780
780
771
766
770
773
768
777
771
772
768
762
766
766
767
767
766
760
755
754
761
770
768
770
763
757
766
771
774
768
772
775
779
784
783
776
768
771
768
769
767
764
773
784
786
780
765
755
759
755
752
750
738
754
752
760
755
751
754
764
762
754
752
751
764
767
776
771
760
759
766
765
758
753
761
762
766
752
741
752
754
753
755
767
771
776
775
775
771
771
770
774
760
753
739
734
742
750
756
747
741
750
770
777
778
773
771
777
780
790
785
787
774
771
772
780
782
776
780
785
798
798
796
793
804
803
811
806
805
800
794
793
795
797
794
797
787
774
767
771
774
771
773
775
777
781
776
775
767
769
776
763
766
762
764
769
770
809
687
715
747
765
761
750
741
752
766
766
759
752
757
766
774
778
781
784
772
786
787
796
797
796
799
797
798
805
801
800
791
789
796
800
807
806
809
808
802
811
802
793
788
787
784
768
763
737
725
723
806
704
681
740
829
773
717
718
763
766
757
818
834
838
891
783
816
816
818
813
808
800
804
799
803
810
818
809
804
809
805
808
812
800
803
802
793
791
785
790
789
778
770
758
757
841
706
769
780
823
744
784
770
766
762
760
764
763
763
749
745
758
768
780
791
791
792
799
798
793
793
792
796
800
808
807
805
792
791
788
779
768
771
764
765
826
736
783
798
799
797
786
782
773
773
758
756
765
761
766
757
759
757
755
730
611
923
684
685
729
713
694
697
679
665
708
651
669
907
814
814
829
834
834
822
780
768
743
738
734
733
772
724
629
687
787
821
868
899
840
943
874
854
843
808
779
771
785
758
758
757
769
770
756
753
743
748
746
742
736
737
750
728
639
662
650
619
620
698
597
729
702
680
667
673
680
677
688
682
703
684
666
654
640
609
597
588
650
566
548
549
552
695
670
649
647
664
678
669
646
640
634
641
644
648
614
595
633
597
594
577
548
654
521
536
545
549
527
552
534
540
526
549
537
556
532
586
653
668
680
638
641
633
628
613
593
573
556
543
584
544
531
527
522
520
521
519
516
500
505
500
491
485
479
482
476
479
476
402
443
449
440
450
449
445
447
451
447
451
451
455
446
459
448
452
455
455
456
459
449
458
458
460
454
461
455
465
457
463
459
460
463
466
460
467
466
467
463
474
464
476
466
473
473
470
477
472
467
489
465
481
465
486
480
461
516
458
691
578
584
578
581
579
581
590
586
583
562
542
512
547
529
530
518
517
517
517
512
509
540
607
614
584
578
579
583
575
574
567
568
559
560
561
558
556
558
553
550
550
553
551
554
562
569
566
568
562
570
541
531
523
519
521
527
525
526
531
531
535
528
524
528
531
521
521
518
518
565
518
519
514
518
494
528
563
537
546
542
644
594
593
593
610
593
604
598
593
597
601
601
597
598
600
597
602
605
603
604
606
585
587
592
588
574
580
557
549
521
512
502
494
492
518
511
561
579
573
558
575
585
568
570
567
560
562
568
563
567
579
583
596
591
601
599
609
566
562
566
572
575
581
582
582
584
604
609
596
599
638
618
716
677
658
655
646
623
620
611
606
619
634
638
634
644
658
662
650
664
667
645
673
672
680
653
670
679
685
661
671
689
672
658
666
675
663
665
672
686
672
656
670
673
666
659
677
679
676
662
685
714
864
744
731
727
718
721
724
725
733
697
665
649
655
652
657
659
669
666
665
675
678
644
712
680
690
681
685
692
689
680
681
681
687
678
681
690
705
713
713
706
717
711
700
691
692
694
689
685
692
696
689
694
700
713
709
715
718
718
704
702
714
723
730
725
733
734
736
725
719
718
712
718
723
720
719
720
731
732
737
753
755
758
752
745
732
740
746
744
746
755
749
751
741
732
733
739
736
744
758
764
759
755
749
751
753
758
777
784
775
770
759
728
703
705
711
708
729
733
732
725
729
744
745
734
723
722
730
728
707
705
707
721
736
735
747
747
747
736
730
735
563
913
730
732
733
732
725
709
716
724
728
729
736
736
734
736
743
746
754
751
746
737
742
759
759
751
748
752
758
767
767
766
766
770
771
774
771
761
753
753
750
752
761
764
759
762
756
758
762
764
762
748
737
741
743
733
730
739
740
739
733
737
738
733
728
736
743
732
731
740
743
734
721
723
728
732
741
743
731
741
744
750
761
764
763
766
776
771
766
769
770
770
772
767
768
764
757
752
761
767
756
746
734
740
722
711
718
724
720
714
708
715
729
734
729
733
721
733
737
731
729
728
738
741
753
750
752
753
748
747
754
753
761
755
748
748
746
757
752
751
751
744
744
732
739
736
729
707
704
698
703
723
719
724
731
734
739
748
753
753
755
757
762
769
774
767
764
756
758
763
764
763
760
751
761
759
758
758
749
740
738
731
714
704
696
695
693
702
704
712
709
717
727
730
729
737
736
739
740
744
749
757
755
766
770
769
769
770
766
767
763
758
754
754
753
757
753
750
733
734
732
729
732
728
729
738
743
735
734
739
743
745
730
714
729
730
726
723
720
723
732
740
748
746
742
746
741
747
745
744
749
745
753
730
729
726
742
780
809
803
793
781
771
765
766
767
762
757
759
760
751
759
765
773
771
771
771
772
775
773
770
770
770
764
765
771
770
751
752
756
771
767
771
747
740
729
731
734
716
726
733
747
745
749
752
762
758
753
765
770
768
765
759
761
755
756
746
739
745
748
748
749
747
748
747
744
