682
696
695
704
728
746
762
741
746
768
777
754
765
789
807
815
792
801
819
825
833
821
771
783
794
799
778
775
811
817
822
800
825
844
845
821
810
839
829
829
798
805
832
845
865
836
816
852
849
862
825
809
836
846
835
808
833
836
809
828
848
857
829
821
840
806
797
826
831
843
839
822
845
860
855
833
830
842
858
860
823
846
849
836
826
846
843
832
831
840
848
849
845
821
822
838
843
836
813
820
835
839
837
829
817
833
830
778
769
771
787
820
836
871
884
888
862
855
878
875
874
869
831
847
845
851
848
821
832
848
852
828
830
842
836
834
814
781
799
810
813
819
800
819
837
832
820
851
860
863
840
826
838
852
854
845
838
823
839
843
822
813
825
841
849
861
859
852
825
841
848
844
821
836
839
808
799
813
821
824
821
805
814
813
826
821
804
813
812
813
810
793
794
798
789
783
800
817
830
811
813
829
831
832
811
814
827
827
814
799
817
819
818
793
790
810
828
827
803
801
821
823
819
802
823
827
840
837
819
828
835
844
846
818
820
832
831
825
806
798
813
816
805
788
792
809
807
813
791
789
806
813
818
799
809
818
818
810
804
816
820
822
819
799
805
813
806
789
801
815
801
791
804
821
835
852
841
823
835
852
846
850
836
844
825
791
797
804
800
788
793
825
823
803
798
823
828
832
805
821
841
837
817
809
826
824
812
811
820
836
835
816
819
835
839
825
805
791
788
773
775
788
791
783
773
789
801
813
810
814
798
799
815
814
801
789
792
802
797
787
784
790
799
802
814
794
800
818
834
827
823
839
854
865
845
835
848
843
843
831
816
828
827
803
797
815
813
822
807
801
819
833
823
818
835
834
821
794
810
825
823
820
817
841
856
859
851
836
847
841
834
809
806
817
813
805
795
807
809
811
797
795
813
806
793
802
816
802
800
824
825
825
811
813
832
851
855
844
829
827
842
836
835
807
800
809
820
833
811
813
822
838
831
825
814
830
826
841
839
817
818
828
826
826
812
806
822
832
811
800
810
833
838
827
813
841
853
847
836
819
832
837
838
819
814
831
836
833
813
804
814
810
655
902
754
738
748
739
703
708
707
702
685
694
705
705
699
702
711
717
705
707
708
712
711
692
719
714
721
711
706
694
693
699
705
699
708
719
726
725
709
727
638
483
867
805
1333
264
1041
634
641
523
820
318
470
526
642
629
613
253
407
619
1314
500
746
1179
731
859
1187
1140
258
352
313
997
341
304
539
509
822
451
1401
459
784
1657
1392
1179
1232
601
407
535
798
1072
394
322
565
340
708
715
1211
588
320
259
1148
645
522
583
468
544
371
366
578
825
315
587
369
791
1125
1143
298
283
440
553
1304
563
580
582
473
669
568
381
447
863
1156
549
1132
380
602
1587
1123
546
1098
568
555
548
861
924
414
557
560
546
549
975
725
576
574
567
961
299
442
263
810
526
533
397
439
483
1181
435
413
861
565
411
299
1551
1149
581
282
274
278
604
256
353
791
478
1187
428
778
398
1201
1116
389
733
569
553
711
896
461
1231
555
610
1180
537
281
784
985
1081
646
465
549
380
1273
1113
511
782
901
556
1716
1192
609
589
588
612
617
615
620
635
630
613
609
613
602
598
597
623
597
604
619
619
614
617
625
637
646
641
628
649
659
645
655
655
666
671
659
663
667
682
663
669
685
691
673
683
698
700
683
699
707
699
688
718
723
703
704
726
735
706
705
719
705
699
702
716
696
693
702
712
703
715
720
746
738
580
912
713
726
727
722
736
730
749
714
720
733
745
772
782
770
733
740
749
723
726
747
764
755
720
722
751
768
734
715
729
752
733
745
752
708
713
730
740
755
726
735
756
775
770
750
761
785
802
764
772
791
817
789
799
842
834
800
808
832
839
806
815
840
849
813
773
767
759
771
836
789
789
845
852
815
833
875
877
829
852
873
872
839
867
864
834
830
849
859
833
820
855
867
866
823
849
887
864
834
859
885
857
838
862
876
862
834
856
874
878
826
837
864
861
831
850
882
881
836
858
877
886
836
857
861
828
794
837
832
834
800
820
874
875
818
825
854
862
818
814
842
814
794
813
850
855
815
839
848
837
831
841
857
856
820
826
839
839
800
851
843
841
818
798
859
847
821
805
859
843
829
804
853
846
839
796
816
855
837
789
817
850
834
793
817
853
840
813
808
861
852
824
808
855
847
819
797
852
839
793
814
841
836
798
813
846
840
817
798
828
833
823
791
801
818
828
816
788
810
831
843
820
815
838
841
854
819
825
845
855
842
822
848
843
827
799
848
837
817
813
831
834
800
785
819
814
821
776
788
817
809
796
785
815
816
813
781
798
830
816
778
798
827
820
803
784
853
846
845
814
823
780
787
778
749
777
785
804
790
795
830
824
816
795
784
814
801
803
764
786
801
813
817
797
813
831
838
840
818
827
844
843
816
815
830
837
811
812
825
837
836
819
821
834
838
842
823
818
832
836
829
788
835
824
822
823
806
813
822
819
813
774
835
814
820
804
811
825
833
830
812
791
850
827
830
812
806
821
825
819
804
818
831
832
816
800
825
830
819
806
795
819
817
794
802
826
835
802
799
826
840
838
809
812
831
844
857
821
811
843
843
848
817
809
820
828
833
809
809
832
837
808
806
820
829
827
808
813
825
840
840
823
825
843
850
854
824
824
838
832
836
814
819
829
832
819
813
823
824
802
780
814
820
813
803
819
834
836
813
812
839
854
832
823
846
862
864
830
819
834
836
819
801
821
826
833
810
794
810
817
792
789
803
813
823
812
804
823
827
803
807
819
821
801
793
797
