873
835
840
863
861
835
871
854
832
875
834
822
864
880
852
879
900
864
870
908
868
871
904
868
881
902
865
884
904
864
890
899
865
902
905
864
907
886
862
907
864
889
873
858
877
866
847
881
847
879
865
846
884
851
851
886
858
862
899
862
892
889
862
846
870
846
843
821
848
830
836
875
842
864
865
856
900
871
876
897
862
901
882
871
910
879
856
893
858
864
889
848
887
882
850
901
900
863
896
877
869
906
880
866
915
904
873
899
898
881
911
929
890
905
901
871
899
896
868
861
870
914
905
932
931
891
903
925
882
910
923
877
900
920
886
909
930
903
882
911
890
865
906
903
871
902
908
875
893
890
858
898
898
866
910
911
877
918
904
873
912
895
873
910
889
868
870
889
901
910
922
961
944
912
901
891
898
920
919
928
938
946
954
966
973
989
987
976
940
920
909
896
899
882
878
903
873
868
875
879
895
881
873
917
927
914
918
945
915
885
904
919
901
888
937
911
870
891
891
862
854
881
854
840
872
858
832
828
846
844
857
855
857
854
874
867
855
896
902
868
898
902
867
883
870
852
859
841
819
846
826
816
854
823
827
854
834
846
854
838
862
857
838
852
864
832
846
851
836
848
858
848
869
865
845
884
858
845
881
857
857
884
862
862
884
854
850
880
846
845
880
857
841
853
867
884
856
880
897
866
891
901
871
880
894
868
879
885
866
864
884
871
853
847
832
841
859
839
833
867
865
844
863
874
853
853
875
851
856
879
860
854
895
886
863
892
889
864
899
894
864
907
896
867
884
889
855
865
889
863
861
876
911
911
925
921
890
926
922
901
951
937
911
949
921
930
946
942
907
936
925
884
914
919
888
880
922
905
877
910
897
870
914
896
868
895
882
853
898
886
860
885
893
870
880
899
892
888
927
877
852
854
821
842
809
791
783
782
752
757
749
746
751
739
741
738
731
748
747
753
758
764
750
770
765
765
770
764
764
765
765
769
768
764
754
754
733
706
710
695
702
695
688
687
674
681
662
662
653
646
650
635
635
625
627
629
621
615
609
609
617
603
603
599
600
601
592
599
595
591
595
590
583
584
583
578
578
576
572
572
567
565
568
561
564
560
555
552
553
547
552
554
550
553
546
544
534
536
533
533
531
530
532
529
530
533
527
532
534
526
532
521
532
523
530
527
530
522
524
524
522
521
522
516
519
516
518
515
516
510
514
509
509
508
509
512
521
534
525
522
529
523
523
527
521
528
528
527
531
529
524
533
533
531
533
535
530
538
538
535
539
542
534
549
542
554
552
557
560
554
566
556
569
562
565
555
564
552
563
563
558
563
557
571
562
559
569
581
579
576
572
573
602
585
603
615
600
607
615
598
610
601
582
595
604
590
600
617
596
612
622
612
613
632
621
631
655
666
643
659
649
635
655
659
633
638
659
648
639
654
682
673
652
656
689
704
698
691
720
698
675
684
690
663
654
683
660
658
680
688
667
688
707
682
680
702
701
697
718
713
688
706
701
676
699
703
683
692
714
693
687
713
707
699
738
728
705
729
731
704
710
725
708
694
726
754
743
742
789
778
752
786
785
765
781
757
757
793
764
802
859
791
821
819
777
810
822
769
813
829
783
799
819
772
795
771
757
743
745
761
737
778
800
765
798
824
772
783
808
789
772
799
812
779
792
824
785
821
805
777
810
791
802
829
793
824
813
800
842
822
826
863
830
846
876
835
871
864
832
876
874
830
868
875
844
866
891
841
876
878
841
874
870
833
861
874
830
843
865
831
839
876
837
872
885
847
884
864
864
895
849
877
878
837
877
856
845
874
836
862
873
838
873
887
844
884
883
838
879
861
825
864
857
829
865
857
837
861
839
839
864
884
839
877
887
842
874
878
838
862
850
813
792
773
764
761
770
749
743
746
764
849
844
875
845
852
855
866
842
858
861
822
819
840
831
820
851
838
826
858
834
820
853
830
799
831
837
807
848
833
809
862
839
813
887
850
826
881
843
842
894
839
844
875
825
854
836
813
836
849
811
836
825
809
848
853
818
829
848
812
812
856
836
827
868
836
829
865
837
820
854
856
824
851
857
826
854
849
823
850
855
828
853
858
827
857
855
825
852
846
829
863
842
830
831
854
864
862
854
853
854
856
892
905
871
903
924
894
884
931
908
872
914
902
873
913
914
867
905
884
858
889
867
845
881
836
829
843
811
837
839
817
833
839
813
830
829
813
845
830
811
838
834
808
835
822
794
815
815
787
811
822
791
813
831
796
811
839
800
813
847
821
808
837
831
810
838
839
810
832
860
829
825
867
833
836
863
840
832
865
833
824
841
820
816
830
818
818
837
822
818
841
825
829
850
831
828
843
818
822
844
816
831
844
816
823
837
808
833
841
813
842
842
822
850
854
828
854
849
834