788
802
781
812
832
825
808
847
863
852
826
910
904
933
864
855
913
906
860
898
938
903
882
957
927
909
950
967
898
906
924
932
890
972
922
886
920
984
929
893
989
973
903
946
966
963
910
980
989
903
912
939
922
877
920
894
867
897
962
926
877
905
928
899
871
905
950
882
878
934
927
902
943
959
908
869
930
954
891
883
935
901
876
929
949
921
892
945
947
925
914
928
951
922
997
986
953
906
991
996
954
932
966
975
927
947
997
978
916
984
977
935
933
969
979
920
911
929
946
891
934
943
943
915
952
949
942
898
975
978
935
890
954
1045
995
939
944
955
921
938
933
958
925
948
938
919
902
937
950
909
898
948
955
908
884
847
816
804
831
831
805
794
813
895
912
914
887
919
927
913
888
943
939
901
889
933
950
962
935
980
974
954
1010
991
976
936
991
1023
972
969
1005
1036
986
988
979
988
958
995
1008
959
951
986
999
940
974
997
975
949
953
958
936
952
967
955
905
935
939
941
940
957
977
944
948
959
940
921
943
957
923
899
936
934
933
948
981
961
934
938
927
923
879
904
896
901
891
920
938
941
899
997
987
950
981
987
989
947
971
964
969
932
969
1026
999
938
952
964
934
886
885
905
906
879
922
867
872
844
861
849
836
823
829
834
908
908
887
869
896
914
912
887
910
922
897
901
939
943
914
940
955
969
914
955
977
949
918
932
938
893
880
914
938
904
907
944
934
910
892
911
922
897
944
938
886
861
895
905
907
900
936
943
915
933
958
991
968
918
969
966
926
897
941
937
914
916
938
900
869
903
925
887
882
911
901
865
932
909
902
865
904
919
920
889
862
879
916
889
857
888
908
900
868
904
901
880
900
890
851
880
890
897
882
899
917
909
883
929
925
896
901
912
908
871
910
929
899
869
861
812
813
797
780
786
779
756
773
782
788
795
788
797
804
792
823
808
821
827
829
833
832
814
834
798
800
796
787
773
791
792
782
766
792
798
788
807
797
797
809
813
785
799
784
779
773
779
781
776
783
780
786
772
754
741
733
734
738
736
766
754
759
750
751
748
742
733
745
736
735
741
741
740
739
732
729
729
715
704
712
698
693
688
735
749
754
759
751
741
733
731
717
706
709
710
694
695
690
677
682
676
672
678
673
670
659
683
682
678
667
677
697
687
674
685
668
663
671
667
670
678
684
695
699
704
714
704
712
716
703
703
706
691
685
685
669
670
671
655
656
664
652
651
655
647
650
658
647
650
652
639
641
643
636
632
637
627
627
639
630
631
639
638
624
637
640
640
632
632
639
640
630
638
638
629
634
647
637
637
656
650
640
644
645
632
633
479
767
628
623
626
617
623
636
629
625
633
624
620
616
622
626
609
610
620
604
603
605
619
628
646
662
682
668
681
684
669
667
669
729
704
697
694
688
698
708
714
703
712
733
729
721
747
770
751
749
780
769
756
777
780
759
783
797
773
780
823
804
808
828
835
799
830
840
819
817
844
847
823
854
830
813
831
842
833
828
866
857
828
848
850
834
839
863
867
836
869
872
849
862
883
863
871
893
875
864
904
914
871
915
926
888
894
928
908
877
919
916
881
937
919
891
934
935
912
930
968
958
927
973
977
933
976
968
928
969
958
920
956
970
934
941
966
956
933
983
969
926
981
964
930
985
984
945
980
982
965
950
992
986
940
995
993
953
994
1002
964
971
994
973
934
986
978
932
970
978
957
917
971
965
896
906
968
982
934
971
1004
932
965
989
961
906
934
947
913
924
948
946
902
907
921
924
870
939
917
877
859
928
946
920
893
926
938
905
901
942
970
891
868
875
895
874
919
951
980
943
963
955
904
870
894
901
859
891
929
934
891
914
950
895
875
915
931
886
889
917
896
877
949
975
938
900
935
937
906
869
914
925
900
858
894
899
892
856
889
877
858
869
922
952
892
858
865
870
855
854
865
850
833
823
866
878
857
854
881
882
847
827
854
853
832
875
884
898
855
869
870
862
836
856
874
854
826
830
857
842
830
828
854
854
839
844
879
877
842
878
896
892
864
897
907
892
898
963
975
975
953
1001
1010
991
979
934
921
885
917
955
909
870
918
897
885
895
897
875
872
897
903
893
912
923
891
853
911
889
875
863
895
893
875
864
887
888
888
876
883
891
879
862
886
903
889
854
871
870
897
868
906
925
907
882
905
921
875
889
910
891
869
896
913
897
929
940
937
900
898
878
857
844
878
885
890
871
919
939
932
906
929
916
935
902
953
963
953
921
915
925
929
872
926
939
948
907
914
936
956
918
910
959
948
896
874
865
852
830
812
828
825
802
817
821
819
823
841
843
822
823
871
888
876
858
893
899
911
877
902
947
899
880
925
925
939
