845
865
868
843
858
855
828
823
895
926
948
957
921
947
962
964
942
913
920
915
891
910
927
910
929
930
904
925
926
899
919
922
913
915
913
893
884
896
902
887
895
902
897
874
895
899
885
870
889
896
883
895
907
903
880
895
910
906
881
898
901
897
874
888
902
909
885
896
916
918
897
901
913
919
885
881
894
897
872
861
891
906
890
904
922
925
905
925
933
920
910
928
942
922
904
922
926
924
896
900
909
918
898
891
910
918
897
884
898
901
894
870
888
893
889
865
877
880
886
868
863
878
892
867
864
878
883
865
859
878
887
890
863
875
883
884
861
873
888
888
870
879
885
895
886
884
901
907
896
881
897
907
910
891
898
900
870
893
901
912
896
888
901
907
908
885
895
903
904
884
874
889
894
889
867
883
893
896
877
881
890
896
879
881
901
904
878
882
897
906
888
877
900
909
903
884
890
901
900
873
871
885
888
882
862
869
880
883
868
862
885
896
889
872
891
900
904
884
878
898
904
888
888
906
912
892
882
903
914
899
887
904
912
910
893
916
935
938
907
917
928
926
891
903
908
890
865
882
877
858
879
858
841
827
849
863
865
851
850
874
877
888
905
919
904
918
922
919
897
907
907
898
874
881
882
882
859
863
876
893
892
874
893
905
911
895
899
913
917
899
877
896
893
894
898
880
868
883
885
888
865
863
874
884
881
862
881
900
868
880
915
929
896
905
916
921
917
893
881
891
894
882
866
873
881
895
890
874
896
908
915
896
915
924
927
896
899
904
889
859
888
903
895
884
915
926
912
905
921
927
923
896
905
914
898
906
912
920
897
904
915
921
923
895
896
905
907
908
908
896
892
902
907
911
907
888
884
898
906
908
878
884
903
907
910
898
877
895
899
903
898
909
895
865
881
908
918
902
893
922
896
900
923
926
898
918
938
944
932
912
929
926
921
917
903
904
917
918
860
860
830
828
828
840
840
832
857
852
840
858
850
843
859
846
825
839
826
814
813
819
796
803
803
782
785
783
768
758
774
779
758
761
761
750
740
741
736
733
725
736
729
707
716
713
707
709
717
713
698
704
699
700
695
698
702
693
684
688
684
679
669
678
678
676
668
671
672
668
661
663
662
663
654
654
655
652
651
646
651
649
645
642
645
643
646
641
639
638
642
636
634
635
638
632
630
630
635
632
630
633
635
630
630
633
638
632
632
635
638
632
631
632
634
630
628
629
629
625
624
628
629
625
622
625
621
620
618
616
621
619
619
616
617
616
611
610
613
611
611
608
610
609
607
603
598
598
610
619
619
618
617
616
616
609
606
605
607
601
600
598
601
595
595
596
599
597
603
599
599
602
600
599
600
601
603
601
601
601
598
599
599
596
593
592
593
592
588
586
584
591
593
590
600
602
601
601
605
603
608
617
625
630
633
624
615
613
615
621
615
609
610
616
618
616
622
629
624
622
622
626
619
617
619
626
629
625
626
634
637
632
632
642
645
638
640
641
649
646
640
642
653
653
647
646
652
658
653
646
645
649
650
640
641
646
657
657
660
662
658
654
656
642
634
637
650
662
672
680
667
664
674
681
670
677
688
686
680
691
698
702
701
697
709
695
692
709
697
699
709
719
715
719
703
692
702
719
706
712
730
722
729
744
764
749
745
758
749
730
747
754
729
720
709
702
697
688
700
714
726
716
729
744
758
754
759
766
771
765
767
761
749
732
727
740
723
728
733
768
782
777
789
761
770
782
797
787
748
756
755
751
755
729
742
774
777
761
753
758
792
765
760
783
808
825
837
824
841
815
806
776
785
802
817
813
797
813
813
795
782
786
789
780
797
806
793
811
817
817
804
818
818
822
813
786
794
793
797
781
787
792
784
777
791
796
790
771
782
785
779
777
782
782
781
792
791
797
790
784
766
769
766
769
778
791
782
798
805
788
795
799
782
788
792
772
774
772
761
763
780
787
781
794
799
792
791
783
794
797
791
775
762
767
767
770
770
755
761
766
757
764
775
788
798
808
795
813
823
828
821
811
806
797
793
792
790
793
799
802
796
796
808
785
782
794
803
814
817
807
779
762
768
770
771
764
778
789
788
788
778
776
775
783
797
798
803
790
790
792
801
800
801
797
775
779
771
767
764
765
766
769
770
768
750
767
781
781
802
813
809
803
815
816
820
827
827
822
807
793
763
766
771
779
784
787
787
785
782
779
760
776
799
809
815
795
819
830
830
809
820
852
884
907
915
909
889
859
839
805
799
798
797
797
798
792
789
790
773
773
777
771
775
800
824
844
865
873
857
861
857
846
831
816
781
782
778
779
771
778
788
801
814
825
830
831
833
816
829
833
839
837
845
849
844
848
848
850
837
842
842
841
825
834
808
814
822
833
837
829
821
825
815
828
839
838
821
830
828
816
814
826
836
824
835
833
818
794
781
784
776
772
796
813
831
824
852
861
863
855
844
840
831
821
814
818
819
822
825
828
834
836
822
837
831
826
825
820
811
815
808
788
795
794
797
802
