907
863
872
802
884
850
861
862
836
852
854
844
831
811
805
818
812
912
831
830
924
918
856
841
816
734
889
846
845
836
809
778
833
726
809
771
833
725
828
742
752
836
773
762
822
767
783
818
896
802
806
799
779
790
782
781
788
774
777
749
913
824
843
832
827
833
833
808
830
825
813
822
835
804
821
819
819
827
822
802
802
826
828
829
822
836
819
806
803
802
825
817
836
819
831
845
831
826
843
824
810
822
820
824
752
828
771
816
750
802
789
821
813
888
801
798
802
816
807
797
807
808
794
797
813
793
795
800
777
769
1049
801
839
857
834
820
809
813
725
774
872
829
826
832
810
810
817
729
778
872
852
827
842
849
815
831
835
773
837
762
766
899
891
853
852
847
825
842
838
832
836
855
835
828
853
845
823
839
841
824
843
844
822
841
845
835
837
847
854
828
845
849
830
843
839
819
781
861
813
807
827
824
802
833
835
816
831
837
822
828
852
830
826
854
832
830
851
830
823
844
830
813
830
838
812
815
835
820
799
831
838
813
823
837
812
795
807
736
482
1086
802
813
814
770
757
731
961
695
971
817
838
816
750
835
875
819
813
751
845
858
859
833
819
813
758
854
853
855
802
804
779
749
1011
837
852
843
855
836
826
850
831
818
840
816
829
823
803
801
812
842
797
820
817
805
812
851
809
803
813
825
835
823
821
818
836
817
835
854
830
823
844
835
814
805
828
820
811
819
812
806
824
828
810
816
863
833
826
821
838
839
830
830
833
829
844
850
836
819
842
852
817
843
843
850
829
857
837
842
853
828
840
851
824
838
845
835
847
844
819
842
845
840
813
789
790
873
845
858
831
878
839
839
836
844
837
825
837
827
843
837
838
820
836
845
841
820
840
862
826
844
858
851
840
854
843
821
833
823
799
831
809
800
811
833
815
837
841
821
833
837
818
856
837
836
821
838
820
859
853
865
834
797
782
817
802
823
843
830
816
819
823
836
819
814
823
844
814
829
816
841
817
785
919
793
682
562
897
629
688
546
1096
759
749
749
733
639
757
688
560
1025
660
680
743
846
787
775
771
758
755
670
552
914
819
754
680
559
818
694
651
669
676
703
726
782
748
724
715
705
707
701
698
695
699
703
701
642
665
757
703
695
689
679
677
677
666
671
667
663
665
659
663
659
653
656
653
649
650
648
645
646
643
639
640
638
631
635
634
628
630
631
627
626
629
626
625
625
625
623
625
626
621
624
624
624
627
623
629
629
625
627
630
629
628
628
627
629
631
638
643
646
655
664
667
671
679
681
690
695
680
646
658
660
670
674
664
670
762
719
689
675
674
660
661
660
659
657
660
661
655
661
659
670
676
675
685
698
666
637
676
676
669
663
748
675
671
672
651
768
718
673
676
676
674
674
664
682
665
631
644
648
660
679
813
780
732
675
633
658
677
697
677
667
694
706
721
716
740
712
745
729
742
744
748
703
759
702
737
740
706
714
706
688
712
861
795
772
716
705
771
800
711
711
707
729
844
779
766
735
697
749
802
755
727
718
692
704
754
789
761
748
744
710
662
771
751
759
700
681
706
741
747
714
725
723
726
754
735
722
716
729
720
720
729
707
712
717
686
820
736
737
726
719
701
685
703
729
725
739
748
793
736
767
815
737
753
739
746
754
758
742
760
842
897
767
759
730
788
920
761
769
769
762
824
845
760
719
706
839
811
743
742
739
728
799
921
785
751
697
658
716
710
719
701
681
672
673
716
692
696
708
699
704
687
699
710
719
746
727
738
709
712
707
704
705
711
701
693
723
696
710
718
852
812
749
741
662
718
832
585
867
706
717
704
691
687
701
691
688
871
759
751
759
716
627
702
680
693
680
680
671
682
661
641
665
771
728
729
741
709
706
701
702
708
710
715
721
725
729
737
704
768
702
678
702
698
689
718
888
765
743
766
698
671
795
778
708
703
691
700
662
886
757
741
744
698
734
805
695
719
697
753
793
791
763
744
748
762
828
723
719
730
843
811
773
757
741
695
532
1081
720
720
721
698
707
710
834
780
744
749
728
646
659
763
729
707
687
694
695
693
756
739
707
732
738
707
722
719
772
756
802
771
750
758
756
509
973
734
758
745
747
760
754
738
753
756
746
739
729
730
720
640
802
989
653
946
793
720
763
856
842
826
778
759
761
885
849
813
799
703
749
835
843
822
788
882
851
875
795
779
790
772
772
784
773
751
779
788
749
764
780
977
813
813
810
805
792
699
797
857
817
840
777
762
767
861
839
812
771
819
742
737
837
806
820
813
759
761
748
737
763
845
828
803
789
780
746
707
802
773
777
720
766
765
756
852
754
749
756
767
896
863
818
810
771
693
643
795
857
849
814
730
771
905
868
843
784
844
892
779
761
760
742
714
528
1093
812
805
797
798
800
734
787
823
885
834
765
731
802
803
802
791
909
820
790
490
1086
757
920
844
840
811
815
792
727
817
850
836
816
766
744
744
829
821
796
783
757
784
697
802
760
721
787
843
770
751
744
746
814
873
832
817
814
760
522