714
707
716
728
723
731
739
726
727
738
745
740
753
755
1513
756
751
760
757
753
761
760
754
756
759
757
765
768
757
765
769
754
755
759
747
752
764
757
759
773
779
769
772
778
776
779
794
809
792
806
798
800
785
792
798
799
794
816
816
797
806
808
799
788
793
801
791
793
805
810
799
812
819
800
821
831
812
822
829
807
824
826
808
821
822
805
803
813
796
798
813
816
810
822
823
814
826
824
814
825
821
814
825
829
808
818
822
809
816
815
796
803
810
804
793
802
806
795
813
824
805
809
816
828
817
813
824
832
816
825
826
808
814
813
803
803
811
806
798
808
805
792
797
799
792
787
796
803
788
793
803
791
785
794
799
788
793
800
787
788
778
764
765
768
764
768
780
775
783
793
794
787
791
785
772
770
774
770
765
773
777
768
772
778
775
772
779
779
767
771
771
762
767
773
764
771
774
773
774
782
789
778
787
790
782
787
789
778
778
773
768
759
758
758
752
758
764
763
754
762
766
763
766
771
773
765
770
776
775
776
782
783
777
785
795
796
795
809
813
800
807
808
791
797
806
793
798
805
809
803
817
802
797
803
797
782
782
782
769
772
776
768
771
780
775
766
780
786
776
793
799
785
792
798
800
792
805
797
786
781
765
748
734
716
710
715
722
734
750
760
780
778
782
784
793
790
791
803
803
793
805
810
812
804
804
799
786
783
796
800
783
785
793
793
778
787
796
805
798
814
819
818
821
831
825
813
826
827
821
808
813
813
794
787
793
716
871
789
793
791
786
785
791
792
784
782
788
787
779
779
782
779
771
779
778
769
766
769
768
771
769
771
770
759
758
760
759
751
756
763
768
768
767
774
775
766
771
777
780
765
773
784
784
769
782
788
790
783
789
788
789
789
798
791
793
793
800
785
789
782
783
770
772
774
774
766
770
770
771
772
779
779
771
789
797
797
794
805
813
804
809
818
820
808
817
820
816
813
822
817
799
800
799
793
785
791
793
783
785
789
791
784
789
797
800
786
790
791
785
777
785
794
785
793
776
730
720
759
736
730
734
736
729
724
725
711
704
705
703
687
682
684
675
670
676
673
662
653
654
647
639
632
632
631
626
620
618
620
620
610
612
610
611
606
604
597
601
598
595
590
596
600
597
594
598
596
600
601
592
601
602
604
601
605
604
601
600
598
599
600
592
585
592
590
589
587
588
583
585
579
585
584
582
580
584
582
580
571
576
582
570
572
574
572
567
569
575
563
563
572
571
569
564
562
562
570
565
565
563
561
566
563
564
565
556
568
573
563
569
570
567
566
568
574
571
570
577
577
576
578
571
570
578
570
567
577
576
564
574
564
563
570
571
567
561
560
555
559
552
555
556
549
545
558
548
541
548
551
539
543
545
547
543
543
541
547
547
536
545
551
541
543
546
546
544
543
542
549
543
541
546
547
539
545
546
544
551
541
543
554
549
546
553
542
550
546
554
555
554
554
551
552
562
553
550
557
552
548
552
549
545
549
552
550
547
547
545
555
546
543
554
549
544
548
558
551
544
559
554
553
551
560
567
567
568
564
564
574
583
584
590
591
590
581
583
581
581
577
576
568
569
568
573
573
566
571
579
578
581
589
596
592
602
605
602
604
611
617
610
612
616
616
611
610
610
613
608
608
611
616
611
610
617
626
617
619
621
621
619
624
623
617
619
623
629
623
626
635
640
630
630
636
645
636
644
650
649
646
655
664
654
660
668
665
655
658
662
655
659
668
674
669
665
656
647
646
641
645
654
667
670
684
696
697
697
702
712
699
702
721
726
723
737
751
741
751
768
754
749
766
766
750
751
763
745
750
764
764
752
764
777
758
766
772
750
748
759
753
753
767
764
757
761
762
760
771
770
756
762
756
732
733
745
744
740
756
765
766
783
787
771
774
773
754
739
736
733
742
744
728
730
734
737
745
729
729
743
741
744
729
726
734
729
733
741
744
741
758
758
743
753
760
754
756
761
760
754
766
757
779
778
779
778
782
779
771
785
786
781
782
773
759
761
747
742
739
751
753
740
738
737
731
723
703
701
708
713
717
717
700
693
691
694
698
690
698
712
704
712
718
728
726
715
729
742
738
761
779
772
795
811
796
812
824
791
788
773
762
757
754
733
735
734
736
739
735
728
714
718
716
712
698
696
696
698
705
703
711
725
730
738
744
756
758
760
737
734
735
729
735
731
721
725
723
721
714
718
718
723
723
727
717
723
729
731
725
731
740
743
743
737
725
735
740
748
747
738
743
749
740
737
749
750
743
751
749
749
733
745
751
753
755
743
735
734
738
738
723
726
725
731
743
745
738
745
737
727
715
711
715
724
726
719
725
724
722
722
726
731
727
734
734
739
737
733
710
702
709
727
752
749
743
746
758
754
736
730
718
714
707
700
697
688
687
689
695
693
703
709
718
714
724
729
725
728
729
729
739
734
724
728
729
731
737
726
728
733
738
745
742
741
746
741
733
723
713
714
717
716
711
710
704
708
711
706
714
717
702
706
711
712
716
713
709
713
714
710
702
710
715
709
707
708
729
756
778
783
780
781
767
737
714
706
703
705
713
723
717
734
745
753
746
758
758
749
760
746
756
750
747
736
740
734
729
736
737
750
763
752
768
775
761
768
770
753
754
756
749
755
761
748
755
760
760
762
772
781
771
781
790
779
787
786
775
783
780
785
797
787
786
786
792
785
778
790
788
773
774
776
769
774
774
765
776
779
769
771
774
779
767
771
768
764
771
763
765
766
767
762
746
743
744
747
742
737
747
752
754
752
768
769
779
780
