776
762
776
783
746
720
791
805
808
823
815
882
874
857
823
786
821
899
901
952
993
966
1005
1019
980
983
1027
982
1006
1095
1092
1071
1126
1102
1050
1089
1126
1094
1072
1100
1069
1059
1100
1078
1042
1056
1086
1031
1052
1070
1029
1040
1077
1047
1035
1057
1032
1021
1062
1065
1043
1056
974
965
1037
976
996
1053
996
1021
1073
1045
1041
1075
1060
1033
1105
1111
1078
1090
1088
1059
1123
1121
1104
1172
1145
1121
1142
1131
1088
1144
1157
1098
1167
1166
1130
1146
1159
1132
1080
1114
1133
1081
1130
1129
1063
1052
1073
1032
1065
1091
1104
1077
1105
1066
1030
1079
1056
1021
1094
1048
1025
1075
1044
1042
1083
1074
1091
1107
1088
1074
1098
991
1023
1023
988
1021
1057
1024
1083
1072
1096
1107
1058
1078
1057
1019
1069
1081
1031
1065
1076
1045
1068
1079
1057
1080
1101
1060
1075
1072
1026
1060
1086
1034
1096
1068
1024
1046
1010
1063
1078
1029
1034
1046
985
1003
1020
1001
1007
1056
1033
997
1014
989
933
889
956
1053
1075
1102
1104
1130
1108
1055
1108
1113
1053
1091
1130
1056
1115
1186
1173
1212
1177
1120
1134
1164
1159
1081
1084
1089
1044
1046
1083
1063
1106
1155
1141
1126
1146
1099
1108
1121
1082
1110
1136
1091
1105
1111
1057
1102
1111
1067
1080
1080
1065
1061
1103
1060
1048
1089
1076
1029
1058
1054
1035
1063
1106
1082
1099
1132
1092
1080
1067
1078
1040
1071
1092
1055
1097
1157
1110
1097
1102
1046
1066
1068
1044
1077
1063
1002
1004
1018
986
976
1006
1007
970
1004
1043
1055
1029
1066
1042
1031
1087
1097
1074
1079
1088
1063
1114
1104
1057
1131
1126
1117
1000
1084
1121
1165
1104
1099
1102
1080
1080
1060
1091
1129
1142
1082
1127
1113
1118
1070
1071
1060
1021
1031
1052
1041
1015
1029
1055
1069
1075
1067
1070
1041
1043
1044
1038
1004
1027
1032
929
841
802
764
760
767
774
779
810
795
792
793
772
782
776
758
729
727
691
677
674
671
660
671
668
657
674
666
665
675
669
676
666
655
668
676
661
659
666
676
667
655
655
661
650
646
650
660
660
649
652
659
663
668
660
661
658
648
650
641
645
643
633
644
654
640
635
642
643
633
630
640
639
627
628
631
635
624
628
640
647
641
643
642
642
646
1284
641
339
317
652
644
648
653
653
649
652
656
654
649
646
649
646
640
638
641
643
644
631
639
643
646
644
644
652
656
644
648
649
656
651
640
635
639
646
643
642
651
651
647
650
650
655
649
648
663
676
686
678
677
685
679
665
675
666
668
670
680
670
656
656
648
660
653
656
659
671
671
668
677
659
662
662
677
672
655
659
660
663
652
645
644
651
655
641
648
652
648
631
630
620
617
627
615
620
628
630
630
615
623
632
637
627
623
633
629
633
636
638
644
639
652
680
771
764
752
738
745
751
706
685
672
669
649
643
647
671
681
689
719
745
742
786
950
830
775
724
718
724
762
757
769
800
809
814
781
804
820
813
778
791
843
876
862
862
864
867
810
812
880
900
925
951
947
926
955
943
891
895
931
907
951
977
942
941
978
935
888
874
829
775
798
894
909
921
992
1011
976
1090
1131
1032
1010
1024
989
954
997
991
958
1001
1003
969
977
881
804
764
741
744
1017
948
947
952
958
948
928
904
938
892
885
878
854
885
896
733
871
722
924
887
808
1047
966
979
979
929
903
908
920
900
934
932
923
977
998
960
977
885
1109
968
883
842
769
763
750
735
728
729
763
726
767
775
764
896
861
893
860
737
951
878
793
774
791
730
874
825
815
743
854
841
854
842
861
851
899
882
927
949
953
916
903
797
813
967
945
931
932
880
917
979
825
1030
917
877
864
861
887
859
860
861
813
813
779
789
793
782
776
959
843
837
827
815
832
862
818
949
912
908
933
931
885
823
836
916
816
884
934
967
1009
1014
962
904
822
825
836
799
835
869
1090
972
981
955
893
900
911
954
876
1142
1022
964
916
925
861
845
828
892
808
1115
990
950
919
882
735
807
758
820
881
852
814
807
829
813
838
804
807
806
814
1147
1044
1038
981
945
854
909
825
821
927
846
939
799
886
963
867
949
809
935
852
869
983
958
812
1031
826
1035
845
1017
942
805
879
863
977
874
1015
845
1008
872
1080
837
1071
1027
1021
976
966
903
909
864
851
831
856
914
937
945
938
938
938
931
897
892
845
873
880
846
855
829
848
944
965
1034
835
1072
934
917
849
913
909
948
814
1034
845
1073
995
975
818
982
823
1000
856
1021
842
1088
972
982
978
959
966
1130
1089
1052
1193
1110
1062
993
1017
978
1000
1071
1003
880
1130
873
1163
895
1174
1102
854
1146
1088
1075
875
1184
1048
