819
826
815
808
826
833
815
836
848
843
847
826
826
841
834
807
831
814
816
834
829
814
796
832
815
809
826
815
789
812
804
775
809
819
793
826
833
809
823
854
850
825
848
848
835
867
862
855
872
866
831
861
856
835
821
831
786
792
754
807
787
812
827
819
827
852
866
848
892
900
907
904
887
909
909
915
924
901
908
912
881
890
872
843
847
842
828
821
828
816
807
818
828
816
838
840
841
850
833
818
845
839
829
858
849
836
866
875
857
866
869
884
858
874
864
866
854
853
836
822
827
830
837
830
816
809
811
789
817
803
811
818
794
816
811
821
794
811
799
814
797
813
813
804
810
813
802
818
826
816
826
834
829
819
822
824
818
818
833
831
819
839
821
835
828
831
810
838
833
830
830
842
829
824
839
838
818
843
840
826
843
833
831
837
834
826
821
818
817
821
824
813
826
833
807
823
826
813
831
819
815
820
825
816
832
844
825
837
827
830
809
831
836
818
820
820
822
821
834
834
829
841
827
823
831
823
812
828
816
811
816
812
793
808
813
808
815
823
815
828
832
823
830
847
834
837
849
851
849
857
865
850
854
853
825
854
855
847
858
861
842
846
844
831
827
844
828
826
830
819
807
821
812
795
795
804
793
801
801
800
796
813
808
809
820
829
816
839
838
825
834
844
845
832
848
855
851
846
855
850
830
856
848
850
846
858
864
837
839
839
839
829
836
831
819
826
826
815
803
812
822
813
826
826
820
822
804
798
790
786
814
811
801
813
805
820
829
838
825
848
858
857
842
861
856
844
861
861
853
840
843
853
841
857
851
845
851
851
836
833
846
838
844
854
854
848
853
851
830
854
841
818
835
834
821
838
847
837
847
853
838
856
856
855
839
846
845
832
833
829
826
813
817
816
817
828
818
831
832
826
837
842
837
824
837
829
831
824
825
837
827
844
846
851
840
844
846
846
828
840
838
829
824
824
821
814
823
821
814
816
820
821
824
828
834
828
827
826
825
826
827
835
840
845
842
840
838
828
825
831
823
819
823
825
820
819
824
836
826
829
824
831
820
825
822
818
818
816
820
837
828
832
830
829
834
827
824
823
814
822
816
816
818
816
815
812
818
815
809
819
813
806
816
819
826
824
812
811
786
768
745
731
734
704
706
721
701
685
676
678
680
683
678
676
672
668
661
653
644
646
646
644
643
646
639
641
643
639
639
637
643
641
644
644
643
637
640
642
636
631
634
630
630
629
634
636
632
637
636
632
631
631
631
626
625
625
631
628
630
631
633
634
637
635
633
627
628
627
630
631
629
631
616
626
622
621
617
617
613
612
613
613
610
614
617
613
618
624
627
630
631
634
630
623
624
613
607
615
615
611
616
631
612
620
624
617
624
621
622
616
618
616
616
614
610
614
610
613
636
621
620
632
627
634
629
626
628
628
629
619
1243
622
620
619
620
614
619
617
613
605
607
604
601
601
598
600
594
599
592
591
591
584
586
587
582
579
579
578
580
577
575
575
576
575
571
576
569
573
566
570
569
571
568
570
571
567
572
572
566
568
565
565
565
568
564
565
565
563
564
566
570
571
569
569
569
568
570
566
568
569
566
569
564
567
567
566
568
571
565
568
564
565
563
562
560
561
558
559
563
559
560
560
559
557
559
568
569
573
590
594
583
591
586
585
595
603
604
611
605
611
620
619
618
629
623
626
625
639
640
662
668
667
659
678
687
689
701
728
705
726
722
723
727
729
745
750
737
752
745
731
722
715
752
744
754
775
777
761
772
790
769
777
791
765
785
805
783
794
813
798
799
811
794
757
791
786
767
776
787
772
762
783
772
764
777
778
758
781
767
779
787
769
786
779
760
758
746
767
756
779
799
793
821
843
809
836
851
843
840
854
835
829
843
826
794
811
818
806
819
822
807
826
850
814
858
868
842
876
870
845
883
869
845
881
880
868
890
888
870
907
885
873
884
894
833
857
854
851
893
896
888
906
891
868
881
876
869
912
883
891
912
892
873
888
904
877
883
889
854
880
886
845
861
865
834
854
853
834
851
854
840
853
860
823
849
847
836
866
869
850
882
867
853
879
851
833
848
829
819
848
848
845
873
863
855
878
859
852
867
833
828
844
819
800
810
789
770
780
773
772
784
773
797
817
821
817
849
865
844
858
892
874
857
862
876
874
845
861
882
854
847
854
838
816
839
826
813
833
830
813
837
826
832
843
841
849
864
844
862
869
854
883
897
869
897
906
897
914
917
911
917
925
900
898
902
903
878
897
891
857
871
864
856
863
858
851
845
843
836
837
845
838
845
854
849
845
854
837
844
851
846
843
844
844
841
842
839
840
843
839
842
849
855
851
851
859
857
855
857
862
852
861
856
853
854
856
858
852
856
861
848
858
858
862
851
851
845
850
848
845
836
852
845
850
854
854
867
863
853
857
854
854
854
851
853
868
860
855
860
852
845
852
855
842
843
843
837
842
848
843
845
852
842
840
847
839
837
839
829
835
840
837
842
840
841
842
847
849
846
855
844
844
848
844
846
852
848
840
850
841
833
827
831
835
833
840
835
838
838
835
829
844
832
828
832
832
828
813
812
810
811
813
810
807
817
807
809
814
808
808
815
827
834
829
826
830
825
820
818
817
804
801
787
800
810
803
801
800
803
787
800
809
820
810
817
808
803
794
808
788
789
794
778
779
781
779
782
785
783
785
797
792
794
810
813
819
831
830
803
796
802
771
774
775
765
770
779
771
