722
712
727
728
728
717
726
729
743
739
729
744
765
742
752
770
761
734
735
752
748
736
740
759
755
730
724
733
727
714
711
724
728
739
723
719
738
735
724
724
731
732
719
729
735
746
738
731
739
740
729
742
751
749
762
748
744
755
766
758
756
754
769
744
751
760
742
734
731
735
720
708
721
716
709
715
724
728
728
714
715
723
726
719
722
729
735
733
718
728
733
734
732
727
743
754
738
736
753
745
742
749
752
743
725
719
728
729
709
708
715
723
724
706
718
717
709
707
714
717
711
708
712
715
701
700
706
716
715
695
703
712
713
711
706
710
726
729
718
718
730
725
721
715
723
727
719
717
722
731
730
712
714
721
719
716
715
722
720
714
718
729
740
734
728
728
730
729
710
716
721
712
696
698
698
699
702
691
701
706
711
723
709
713
725
726
719
717
713
722
722
711
717
728
741
732
732
733
738
726
729
743
736
741
720
728
735
731
714
718
721
727
712
713
720
717
705
710
709
715
714
709
712
732
734
714
718
712
722
718
710
716
729
723
724
734
731
725
719
730
728
710
708
710
709
713
698
707
714
715
718
710
728
725
726
711
720
721
728
706
720
734
731
720
723
732
732
731
717
716
729
723
709
718
725
726
721
720
734
733
732
718
723
715
720
697
693
714
726
735
739
761
763
732
744
757
754
734
739
745
745
730
730
731
735
726
725
735
737
720
716
721
732
741
724
728
732
724
727
729
734
739
729
723
724
719
703
705
699
706
713
714
716
727
729
726
719
730
727
729
723
717
724
722
712
717
724
727
724
711
719
727
728
738
730
730
739
742
735
730
732
741
741
726
726
731
731
730
713
716
727
726
727
713
720
725
723
711
713
718
716
724
710
709
721
729
730
715
712
726
724
720
714
714
723
733
733
729
741
744
746
729
729
732
715
718
712
729
743
732
729
713
724
727
722
708
706
705
718
720
721
712
707
722
727
717
715
731
735
728
718
735
737
723
723
713
718
735
715
712
722
722
729
722
726
731
734
727
733
732
718
725
738
742
746
730
730
736
736
737
719
723
728
729
729
721
714
724
714
715
714
720
716
724
713
710
726
724
723
720
725
729
729
707
711
718
712
721
707
702
698
685
677
640
611
629
634
650
688
684
688
670
647
647
634
627
626
624
616
604
596
600
591
593
585
583
579
579
575
576
581
574
569
569
569
566
561
564
559
558
555
558
551
552
549
545
543
543
543
534
542
537
534
534
533
529
537
528
526
525
521
517
514
515
515
518
516
520
521
517
516
514
517
511
517
515
521
520
524
521
521
524
525
525
524
521
521
526
518
519
515
515
509
512
510
510
505
506
509
505
505
504
505
501
503
502
503
500
500
504
498
502
500
504
500
504
502
504
498
496
500
499
493
493
495
494
495
491
495
496
497
498
501
504
506
504
504
507
501
501
500
503
500
498
496
501
495
499
494
501
493
495
490
501
491
497
492
500
494
490
489
494
492
484
485
489
488
483
486
488
491
488
487
489
490
487
487
486
489
482
478
478
481
477
471
474
477
479
471
479
475
482
482
477
479
482
479
482
476
479
484
479
481
480
485
479
482
478
484
483
485
485
486
489
488
486
492
488
480
481
481
484
477
479
482
478
477
477
478
479
474
473
471
479
476
479
480
479
486
484
488
485
492
484
487
483
490
486
489
489
491
502
505
508
506
522
521
518
512
519
519
530
522
534
532
530
522
531
526
533
524
525
545
546
549
543
555
566
570
564
573
569
567
556
547
544
570
592
592
590
584
584
604
598
613
612
607
627
624
618
607
615
601
591
612
638
618
597
595
609
581
602
569
555
562
556
554
555
587
595
588
592
623
622
612
640
651
646
645
668
655
646
679
667
657
632
646
666
662
642
674
684
680
651
681
687
678
655
679
692
678
657
688
715
692
668
684
664
645
623
596
592
606
614
612
655
656
656
681
686
680
720
715
710
722
721
711
708
741
693
683
689
725
740
706
701
646
643
689
746
773
753
719
714
690
687
682
666
683
661
638
604
607
627
687
693
666
792
739
691
714
726
706
677
706
745
786
760
719
733
756
756
728
733
748
764
738
710
744
770
767
748
791
797
759
731
761
773
754
723
742
759
779
752
763
781
791
760
728
752
776
755
744
753
768
770
747
741
752
747
731
729
740
748
755
733
735
755
756
735
736
746
759
773
746
744
757
760
746
740
751
763
778
749
742
746
754
758
749
741
756
759
754
728
726
732
728
716
713
725
733
735
702
676
685
689
712
697
701
712
726
719
706
700
716
726
710
702
712
712
716
690
681
689
698
719
702
691
710
715
694
689
690
698
685
687
688
699
713
694
679
677
685
686
654
644
642
641
642
636
652
669
723
706
713
695
675
653
665
667
693
688
671
687
689
695
677
672
694
698
693
682
683
689
691
679
676
686
678
663
652
646
659
688
695
713
708
698
681
657
663
642
633
656
669
714
777
751
770
784
797
774
762
759
744
723
716
718
714
707
708
718
721
719
715
718
712
703
709
721
723
722
722
727
732
739
719
708
707
704
692
689
688
693
705
709
703
724
718
723
717
737
755
752
739
747
747
739
717
700
695
696
701
692
686
696
701
712
701
682
689
693
705
697
698
700
701
697
693
711
718
715
707
707
708
703
693
684
692
698
701
686
683
685
695
703
687
688
706
702
713
724
728
729
706
687
687
691
692
690
687
689
691
687
677
685
690
699
685
688
702
722
709
711
694
671
665
665
683
671
662
657
661
673
666
660
673
683
692
690
683
681
700
714
703
687
673
682
684
680
669
690
691
698
690
692
703
705
705
693
698
699
686
681
696
707
703
704
708
718
710
701
684
697
712
718
732
717
708
697
712
713
