693
691
687
693
696
692
685
684
685
690
698
688
683
679
683
687
673
666
677
679
679
675
692
702
690
683
681
680
680
675
678
685
690
695
693
692
700
699
687
685
688
691
680
681
685
693
696
697
699
697
704
693
694
691
693
694
703
704
707
710
723
716
713
716
712
698
692
699
709
718
697
695
696
696
701
692
694
692
695
695
690
695
708
710
710
705
704
716
734
738
719
719
722
717
705
705
707
715
695
692
693
701
690
683
686
694
688
702
696
701
701
711
699
690
688
688
694
686
684
688
692
693
692
693
696
690
690
678
685
690
690
686
688
688
697
693
697
693
691
696
700
689
689
691
695
707
701
700
711
717
710
703
701
700
695
696
697
699
704
700
695
687
695
690
695
687
684
688
695
693
689
690
690
696
704
692
690
687
689
697
696
694
693
702
705
723
724
718
710
713
700
710
704
703
701
703
698
703
701
708
709
700
712
714
702
703
696
693
692
688
687
690
690
688
677
679
672
678
687
688
679
686
690
694
688
691
689
713
716
718
701
694
698
702
698
702
712
706
710
720
707
698
699
697
698
705
691
684
686
695
695
691
692
697
706
699
698
699
698
700
692
695
697
697
703
698
710
705
699
699
689
685
688
687
696
699
688
701
706
709
707
704
710
704
688
688
671
664
655
648
642
639
642
646
647
656
668
680
694
703
693
691
691
694
676
679
685
688
683
685
688
692
691
682
683
691
686
691
680
685
684
698
693
688
693
691
694
693
697
696
690
696
702
710
699
700
701
697
689
682
680
685
691
693
687
695
702
696
696
700
703
700
704
705
715
715
706
699
708
705
700
698
688
690
684
687
688
688
689
688
689
692
687
687
685
688
691
687
688
690
689
685
684
679
680
683
689
689
689
693
695
695
684
688
688
691
697
693
688
685
682
687
683
676
685
686
686
687
680
688
685
688
678
678
680
692
698
692
688
688
684
682
671
659
650
663
673
693
691
697
709
684
683
690
694
694
686
687
691
693
680
673
668
671
675
669
670
669
667
659
653
651
657
662
671
674
675
669
671
670
666
672
662
658
654
648
648
643
646
650
660
662
661
661
674
670
665
656
661
671
667
672
671
666
665
673
669
665
661
663
657
657
640
654
661
665
670
670
670
666
669
663
660
648
649
649
652
656
658
657
652
658
655
655
664
657
656
656
652
645
645
650
646
651
653
651
655
655
661
673
680
671
672
682
661
630
624
613
620
605
605
609
600
596
593
590
591
590
580
569
565
560
559
555
545
542
542
540
537
537
536
533
533
544
530
535
531
540
526
524
525
525
526
530
532
530
539
525
533
530
530
530
526
528
538
537
551
540
542
540
534
533
539
532
541
552
538
539
541
539
539
536
533
541
536
534
531
535
528
529
534
536
537
537
543
554
550
551
540
540
537
534
533
543
544
547
543
541
534
535
534
523
526
526
520
517
517
517
520
517
513
512
515
513
505
508
507
508
506
503
508
511
509
506
504
502
507
505
500
498
500
501
502
494
492
496
495
492
491
483
486
491
488
486
488
484
485
484
484
488
487
483
481
484
487
484
480
479
480
480
479
476
477
478
479
475
474
474
475
475
474
470
471
468
471
473
468
467
468
472
472
466
469
470
471
471
465
468
469
469
469
465
467
465
466
469
466
467
465
463
470
467
465
465
462
465
465
461
462
460
463
464
464
463
462
467
464
463
463
462
464
465
462
460
463
464
459
456
459
463
463
456
456
458
459
458
456
454
456
454
453
452
456
455
455
454
452
454
458
457
453
452
452
455
455
454
449
450
451
456
454
449
450
450
457
456
456
457
462
469
468
466
463
468
461
466
462
459
459
464
463
468
473
474
477
486
487
490
492
496
502
500
500
507
513
517
521
520
522
521
523
532
534
531
534
528
524
527
536
541
545
547
559
556
565
566
585
561
582
564
589
587
578
571
592
580
583
599
581
598
604
595
594
584
597
594
589
598
616
604
635
610
569
589
589
592
637
605
571
637
612
613
623
597
613
654
656
637
628
641
634
638
629
632
644
646
647
633
643
645
643
656
685
632
655
701
682
643
657
639
648
610
666
567
643
599
631
580
634
613
645
641
632
632
641
643
639
632
637
644
646
640
633
646
648
654
641
634
651
657
660
640
632
604
636
637
638
658
654
643
646
668
644
695
613
669
640
719
635
668
678
656
688
705
641
729
646
681
645
705
621
666
706
624
662
647
646
637
611
696
729
693
689
719
667
752
663
688
693
683
672
678
732
633
679
668
746
659
701
680
661
659
646
628
622
611
603
603
594
649
638
605
619
635
624
712
688
629
658
703
617
635
636
705
672
676
677
629
703
638
704
624
685
614
718
685
693
660
703
646
728
696
649
721
693
698
661
728
648
754
724
658
736
657
734
666
683
730
714
716
681
731
652
740
663
731
655
730
706
664
717
650
727
661
719
640
712
649
725
699
702
693
711
719
721
706
717
718
717
701
696
689
706
704
700
691
708
703
703
696
695
708
699
705
692
697
706
698
701
692
700
710
700
666
719
706
694
688
683
695
694
696
680
689
692
682
671
688
694
688
687
693
702
698
694
702
700
703
697
689
698
700
704
695
693
704
703
692
699
704
711
701
688
692
697
688
686
684
688
692
684
678
698
709
702
700
694
707
707
710
708
699
703
705
701
702
703
720
713
706
714
722
722
716
704
710
714
709
709
721
724
724
716
710
714
716
720
708
711
714
707
705
697
701
714
726
735
731
746
744
744
729
719
713
703
704
693
702
716
712
710
711
716
717
720
713
716
717
725
732
720
729
723
727
726
721
711
704
711
705
703
695
696
711
709
700
695
700
699
691
684
682
693
697
692
693
695
697
698
699
692
702
698
697
692
686
686
692
694
691
693
695
696
689
688
691
688
686
690
683
694
693
692
702
724
735
736
727
722
715
725
715
725
714
704
700
689
688
682
686
697
700
690
693
702
702
697
695
699
706
710
706
703
701
701
708
709
701
704
704
705
710
701
702
704
706
700
699
689
694
703
696
696
697
701
700
694
688
694
691
689
698
693
708
705
706
708
701
704
699
694
696
691
682
678
678
690
688
688
687
693
698
694
699
689
694
694
693
694
687
688
684
686
680
677
678
683
683
673
681
685
687
685
688
696
696
694
691
689
692
686
683
684
679
686
684
681
686
698
702
690
692
696
689
683
688
689
691
697
691
684
688
688
683
681
676
677
684
677
675
676
680
681
688
679
681
679
