776
779
790
791
781
776
779
771
749
755
772
767
773
782
792
807
817
817
821
823
811
801
799
789
781
771
767
770
795
761
798
772
803
804
815
834
819
830
831
828
817
813
806
808
776
803
774
797
795
798
801
800
795
795
796
799
804
809
804
801
803
801
795
807
768
774
773
780
777
778
805
809
825
828
841
848
850
845
830
813
821
805
775
813
759
782
808
787
803
750
786
786
787
817
763
819
766
819
768
787
816
802
784
772
805
787
772
785
769
776
806
760
810
758
778
777
778
796
761
804
757
775
773
775
771
775
777
777
775
776
776
799
774
780
784
786
785
769
786
785
807
791
790
797
774
803
776
782
784
809
784
783
785
784
789
789
761
787
783
777
775
769
784
785
771
772
764
772
743
775
748
774
780
758
716
781
759
767
781
786
796
809
823
831
830
835
829
821
813
806
773
796
784
768
763
720
743
742
739
777
769
777
792
794
798
799
799
796
791
783
777
771
766
763
756
731
767
760
756
758
764
776
786
794
799
795
799
789
772
794
784
770
766
763
744
753
772
760
754
758
746
757
778
766
764
749
758
752
771
756
757
760
761
774
781
782
769
782
779
795
775
771
772
776
777
769
774
774
735
786
770
761
759
761
766
769
762
769
771
771
755
778
771
766
757
760
762
762
745
752
741
739
756
743
731
724
729
739
749
763
771
775
781
775
762
765
751
738
767
757
754
757
761
759
773
766
782
781
782
787
800
774
778
778
783
791
786
782
785
769
781
781
781
791
773
743
759
760
763
780
774
790
800
816
819
818
812
809
802
799
792
788
788
781
772
770
763
771
768
767
773
769
773
772
776
778
785
782
777
778
777
774
775
771
771
771
771
771
772
774
772
770
752
777
765
741
756
771
762
760
766
772
778
783
781
782
782
767
786
779
773
763
753
760
758
757
738
766
753
752
751
757
757
763
764
754
761
777
770
771
765
771
754
764
773
775
738
743
739
735
733
742
742
738
736
734
737
727
737
691
701
704
700
708
739
731
747
738
747
743
754
742
731
707
712
705
709
706
691
688
682
650
661
651
647
646
638
637
646
638
638
635
635
634
634
630
633
630
628
631
624
622
623
617
614
613
605
604
604
604
603
599
589
591
592
585
579
581
581
574
566
574
570
563
562
561
559
548
551
555
551
541
547
543
534
539
541
535
529
531
527
522
520
526
523
515
523
519
513
513
514
505
506
510
511
500
506
503
503
495
500
496
491
489
495
490
484
484
490
487
479
477
485
481
478
472
483
478
473
469
477
475
466
474
472
469
460
463
466
465
455
461
465
461
454
461
460
460
455
457
459
453
447
454
457
451
446
456
454
452
443
454
449
442
448
453
448
444
441
445
446
439
438
440
448
444
438
445
449
444
438
445
444
440
438
444
442
434
436
444
439
433
438
441
438
433
436
440
438
438
437
437
438
435
436
438
435
444
439
435
438
439
436
433
435
440
435
434
434
439
436
433
430
435
434
432
430
438
437
438
430
440
438
434
871
436
432
434
438
433
433
435
438
433
430
434
439
433
430
434
435
432
428
433
439
433
432
431
438
435
430
432
439
430
433
428
438
428
434
428
436
427
434
428
434
431
430
430
431
428
432
426
433
426
432
425
433
422
432
425
433
424
433
424
433
422
437
421
428
425
428
427
427
426
854
433
426
423
433
424
431
426
426
854
431
430
431
434
430
437
431
434
436
435
438
433
438
434
435
437
438
438
442
438
442
439
443
440
441
444
443
449
444
439
453
449
447
455
450
446
458
451
458
451
459
456
924
518
435
983
462
464
483
452
966
519
473
957
503
463
500
465
498
469
496
472
507
479
438
570
514
469
537
478
530
489
1012
516
483
1025
490
525
482
536
516
511
505
1036
480
1052
513
491
528
518
516
515
523
519
527
507
1071
527
510
538
524
1048
528
1057
528
526
528
528
529
530
528
1065
539
1091
551
551
551
552
551
547
551
1103
560
559
563
567
574
572
573
1152
573
571
567
566
923
734
594
563
577
572
577
585
589
593
594
595
600
597
586
595
596
594
586
586
588
586
586
590
592
600
601
602
599
603
602
602
598
595
595
594
590
588
591
590
588
595
602
608
613
614
618
617
618
615
611
608
608
604
603
598
599
600
604
605
614
624
631
633
637
640
637
639
636
632
625
625
623
617
611
612
614
618
621
626
630
641
653
657
660
662
659
653
649
644
637
634
628
622
624
623
624
629
632
644
652
657
507
794
669
654
649
640
632
629
623
624
630
638
648
650
651
652
654
658
657
657
652
649
641
637
637
635
632
638
646
653
655
655
656
653
648
653
647
644
643
643
642
645
647
647
648
651
647
648
650
652
656
664
666
668
669
669
670
668
666
661
657
655
646
642
646
646
648
648
660
669
674
676
682
684
679
678
674
670
667
663
661
656
653
651
648
648
648
645
642
646
654
660
672
682
686
688
692
691
694
692
688
685
680
675
670
664
660
658
660
658
658
661
662
660
659
658
659
659
656
656
654
652
651
648
648
651
659
661
662
663
664
664
667
665
663
655
658
655
652
647
650
648
653
658
668
671
674
678
675
678
675
673
668
668
666
664
659
659
658
649
654
658
661
666
679
659
672
672
673
676
674
671
667
665
667
668
655
670
656
663
679
659
665
670
665
664
661
667
671
659
666
673
656
669
664
663
657
654
659
657
663
648
662
652
665
650
665
662
662
650
671
662
661
656
660
663
664
662
664
662
696
636
673
711
664
697
707
707
704
704
699
702
700
700
694
688
686
688
688
682
688
693
683
690
699
693
689
701
696
686
685
687
683
672
680
676
669
678
678
676
684
685
724
664
688
696
693
692
699
696
691
690
688
687
683
689
682
685
681
680
685
688
686
683
682
687
687
683
681
684
685
687
681
683
687
688
687
680
689
682
683
682
676
670
667
675
712
681
680
631
679
677
670
682
682
682
676
