934
927
910
906
917
895
909
916
908
945
956
950
966
973
960
955
970
995
1004
1002
1020
1022
1023
1010
1021
1018
1013
1017
1024
1022
1019
999
1023
1026
1044
1036
1015
1031
1044
1036
1030
1038
1032
1034
1019
1029
1040
1040
1031
1021
1037
1041
1045
1044
1037
1034
1030
1041
1037
1032
1025
1005
1014
1018
1006
1012
1023
1021
1034
1016
1030
1043
1039
1043
1031
1038
1042
1034
1029
1028
1021
995
1010
1002
984
965
981
993
986
1000
1014
1013
1004
1011
1023
1016
988
966
979
946
928
988
990
993
1002
988
962
971
971
964
937
928
947
938
939
938
942
957
974
967
942
966
967
970
946
938
950
958
960
967
956
972
968
971
958
945
941
938
928
941
945
946
953
952
954
947
932
944
964
939
952
972
978
985
982
996
1010
1007
1011
1013
995
1008
1000
1005
1012
997
1006
1012
1004
1012
1007
986
992
994
992
976
971
976
971
968
968
973
981
985
979
991
987
971
968
959
981
979
995
1003
981
997
993
999
1000
981
994
997
996
994
1006
1008
1017
1001
994
1003
995
1008
993
1001
1002
999
990
959
972
973
973
958
959
962
960
948
956
961
966
963
951
968
966
959
977
979
985
979
986
1004
1021
987
984
976
979
942
944
945
952
955
947
962
959
960
946
939
931
919
926
945
962
940
966
956
962
957
959
965
948
919
913
912
883
864
886
902
902
899
899
924
946
938
938
927
950
940
940
979
996
1011
1036
1046
1039
1033
1043
1032
1022
1018
1003
987
990
997
1010
1015
1005
1019
1027
1033
1019
1022
1028
1025
1042
1040
1049
1038
1033
1025
1021
999
961
967
968
967
959
942
957
970
970
969
939
973
980
986
1001
998
1012
1021
1020
1020
1012
1022
1027
1027
1017
1028
991
956
940
927
912
903
919
930
919
871
862
842
824
814
803
809
807
811
824
834
819
833
840
833
814
816
834
852
812
794
773
751
732
719
718
705
702
693
688
686
685
682
676
678
672
671
671
672
668
665
666
663
655
651
654
651
646
645
646
645
645
640
643
642
638
633
636
635
631
622
624
623
621
615
612
610
610
607
607
608
613
616
618
610
613
621
617
614
609
614
612
612
610
611
614
610
607
608
608
606
603
601
604
599
592
591
593
589
582
577
581
581
578
579
578
581
580
572
570
572
573
478
438
726
621
599
585
575
573
571
564
563
563
564
563
558
555
556
557
554
555
554
555
556
549
549
549
551
551
546
545
541
545
547
548
546
543
546
545
541
544
540
540
540
539
536
532
532
535
536
537
535
535
535
534
535
531
532
533
532
532
526
524
526
529
528
526
522
525
527
384
620
562
532
526
521
521
519
514
518
516
520
514
516
515
516
518
514
516
514
514
515
516
513
513
514
514
513
511
510
510
512
511
510
508
508
508
507
506
504
503
503
506
506
505
503
504
507
463
549
514
511
517
519
520
521
523
529
532
533
540
542
544
546
556
563
581
573
582
577
575
593
581
587
584
584
581
582
585
586
588
596
595
598
483
762
690
660
641
638
634
636
634
627
626
622
628
637
639
635
632
632
637
646
646
648
647
649
668
667
678
684
680
666
650
633
622
622
629
639
645
650
651
657
658
658
660
658
657
664
659
671
678
670
669
671
674
670
668
662
662
663
660
658
655
659
655
653
654
654
657
649
651
646
644
643
652
660
665
676
675
678
684
685
671
656
653
644
641
642
646
638
639
643
648
668
672
667
664
663
665
657
657
655
652
654
661
660
654
649
644
649
653
655
660
663
656
651
657
672
695
721
739
741
758
770
773
764
763
771
780
774
783
806
834
847
846
867
857
841
836
859
876
870
855
862
894
911
896
896
957
929
877
824
785
774
791
808
800
790
831
880
877
858
855
870
894
893
909
947
928
909
899
894
898
876
862
887
907
878
867
892
890
866
883
888
880
852
890
906
881
876
873
910
876
855
838
838
839
842
859
853
855
836
853
867
877
849
810
802
796
770
766
784
824
852
869
434
1108
978
921
904
907
913
898
891
889
895
865
861
878
886
881
883
896
912
938
943
918
890
884
876
892
898
899
895
887
888
868
855
841
840
867
864
861
872
869
888
877
876
869
865
866
861
869
859
858
870
864
860
865
876
866
865
868
865
875
879
911
916
929
939
916
883
881
869
859
851
860
855
835
842
849
856
847
868
893
894
889
913
918
906
909
931
922
938
939
927
946
952
963
970
955
952
949
913
898
906
911
915
921
921
938
939
913
888
854
852
884
865
896
914
908
894
896
915
939
949
967
942
906
887
871
871
867
862
879
881
868
884
922
940
951
975
995
996
984
985
986
963
937
922
901
881
885
912
914
938
970
968
985
988
978
968
968
968
978
974
988
993
997
987
997
994
997
982
997
1004
1001
991
1003
1011
977
1000
987
993
993
1003
999
984
973
973
984
973
953
979
952
955
954
949
944
930
918
911
909
880
890
897
905
896
917
925
929
918
917
904
900
894
898
896
911
906
900
909
911
896
873
879
919
