810
804
820
812
797
791
817
816
824
837
833
813
803
826
825
812
805
816
798
802
838
852
859
862
859
871
836
840
836
854
837
829
829
816
816
820
840
834
837
838
828
824
823
824
808
798
796
793
785
776
785
783
777
788
792
802
784
780
787
787
779
776
774
783
780
780
783
783
771
783
781
769
771
773
789
782
782
814
815
803
810
814
811
798
806
809
804
797
809
803
806
808
805
795
788
796
799
798
799
812
816
811
790
786
780
780
778
767
778
769
766
773
777
783
786
782
779
779
794
777
779
776
783
777
772
771
786
794
796
797
790
786
790
785
800
809
807
793
797
802
791
795
806
790
792
798
794
784
781
778
775
778
773
777
767
767
769
765
762
762
770
774
765
758
763
763
760
746
741
732
747
750
752
758
773
768
770
768
763
754
766
768
766
772
773
771
774
779
785
790
801
792
784
794
792
793
780
776
782
784
797
793
810
793
799
795
794
789
784
797
800
790
791
787
786
788
790
804
784
785
792
783
785
785
772
772
774
777
774
771
760
761
756
765
767
779
775
778
780
774
785
787
791
787
782
785
782
777
777
778
769
765
763
762
778
770
773
774
773
766
772
777
775
766
771
772
766
763
767
763
772
769
766
765
771
771
765
771
775
782
776
769
776
774
766
767
784
784
791
790
766
750
723
715
740
760
767
771
772
781
789
788
794
800
803
800
794
806
805
793
792
802
810
830
830
813
826
808
805
806
805
800
795
793
807
807
822
813
811
811
812
803
808
810
791
787
778
774
775
786
794
801
784
786
782
784
772
771
766
764
756
752
761
753
752
756
761
767
790
793
781
786
786
780
772
765
764
760
753
754
750
760
750
758
766
771
771
768
768
776
777
781
786
799
806
790
793
805
815
795
792
798
797
789
776
776
772
775
775
772
770
779
775
771
771
776
774
768
760
769
780
781
768
771
778
781
775
776
789
797
797
799
806
807
809
800
800
788
768
784
786
791
782
772
756
753
764
786
818
819
813
818
781
769
757
748
739
742
732
736
753
747
755
719
700
697
680
679
668
664
669
667
670
672
680
680
674
680
673
674
674
673
670
664
663
655
652
650
645
645
642
640
638
632
629
626
619
615
619
616
610
613
609
608
608
607
610
613
607
605
604
612
606
603
606
615
604
608
611
615
625
623
616
615
621
617
619
613
609
603
605
603
599
594
592
588
585
582
578
574
574
572
564
563
563
562
561
558
558
556
556
558
558
558
557
555
558
561
563
562
559
563
568
563
564
565
569
565
563
559
563
563
563
553
544
552
556
555
554
552
552
553
554
548
547
553
554
551
547
545
554
557
554
551
551
552
554
555
558
555
554
552
551
552
552
554
558
554
553
552
557
558
557
557
553
554
550
549
548
544
542
540
543
539
535
542
543
541
540
541
543
542
541
542
540
537
537
537
540
543
543
541
544
548
545
543
542
546
544
540
539
541
533
531
535
539
531
530
532
535
537
534
536
537
535
533
535
535
536
530
529
533
542
541
544
538
530
540
533
543
555
572
575
575
583
594
588
585
590
590
581
577
582
585
578
574
574
570
567
563
566
569
567
568
573
571
570
566
566
563
569
592
586
588
587
593
590
590
594
601
595
596
592
597
592
591
593
600
590
596
599
607
616
613
604
598
600
608
628
657
714
690
690
678
682
690
687
685
681
678
677
671
663
700
677
677
671
723
699
686
669
692
706
709
692
691
714
703
696
708
718
721
731
710
710
703
691
686
696
697
692
695
713
707
704
709
728
739
736
735
739
731
715
716
723
728
722
705
689
699
702
691
697
708
729
718
724
720
707
699
698
672
669
675
697
702
704
709
711
712
720
718
719
722
727
740
736
726
701
688
687
692
690
722
729
713
709
703
677
688
703
710
735
746
741
756
771
786
772
756
754
773
761
756
752
771
759
756
753
764
775
759
759
781
777
762
752
773
748
738
738
742
736
740
730
728
730
746
750
735
731
734
736
730
731
738
743
740
744
750
755
761
758
769
768
754
765
764
748
747
753
749
763
757
757
779
762
761
762
777
752
766
767
754
747
743
766
757
760
765
754
764
787
761
775
763
755
754
763
758
758
756
758
754
764
765
749
723
708
730
734
729
736
734
750
770
759
758
761
776
819
804
790
780
790
790
768
759
771
781
771
769
763
769
763
752
764
774
778
789
803
798
795
801
783
771
773
770
767
761
760
748
756
745
731
731
744
753
748
749
745
750
756
751
749
748
745
749
752
750
754
755
767
759
760
760
746
718
715
712
707
711
701
716
730
717
719
717
720
719
715
709
709
718
715
713
710
718
727
727
727
720
701
688
674
694
720
725
725
735
714
707
685
688
706
729
755
782
751
755
760
768
767
737
725
714
706
720
736
754
768
774
773
772
774
775
768
773
763
746
728
712
819
821
806
780
750
746
756
751
753
758
758
752
745
746
750
761
749
751
751
743
748
751
752
750
759
771
757
752
751
756
749
752
746
748
741
739
751
744
741
739
745
752
744
735
742
758
752
754
750
740
737
732
727
733
722
734
736
730
734
739
743
740
738
734
727
731
736
746
743
731
731
730
736
729
728
731
734
735
732
732
730
719
715
711
728
752
749
753
746
731
722
721
721
706
693
683
679
665
669
688
707
720
729
749
777
767
779
790
782
767
754
747
732
733
736
724
721
712
722
719
716
712
718
722
721
729
737
731
740
745
734
729
746
759
752
752
758
749
741
737
737
735
720
708
725
717
714
717
725
724
737
748
753
763
762
757
757
760
749
747
749
758
750
749
744
739
735
741
753
740
735
740
738
747
753
750
760
773
763
775
781
768
770
768
770
757
747
725
705
690
700
719
710
713
719
736
753
741
752
760
749
738
710
694
695
709
