981
990
1021
1038
1016
1040
1028
1012
994
1022
1024
742
1213
1027
779
1226
1013
764
1219
1022
1021
994
991
1004
987
1018
866
1128
1023
1032
1012
1033
1034
684
1264
1114
858
1208
1050
1027
1036
1040
1027
1038
1044
1037
1025
1042
1042
1019
1039
1033
1012
1042
1020
987
1019
1007
991
1025
1001
1012
1013
1023
1019
1052
1045
1032
1047
1048
1027
1062
1059
1022
1051
1048
1024
1056
1070
1041
1069
1075
1060
1047
1122
1053
1077
1083
1056
1081
1087
1049
1059
1066
1029
1063
1051
1022
1051
1050
1023
1049
1062
1052
1038
1063
1056
1037
1055
1063
1035
1063
1049
1015
1039
1025
997
1039
1040
1029
1057
1058
1042
1053
1067
1057
1036
1067
1068
1059
1079
1073
1043
1065
1067
1044
1066
1087
1081
1048
1061
1042
1014
929
1161
1069
864
1223
1079
1099
1092
1059
1088
1094
1100
1072
1109
1112
1101
1069
1086
1089
1075
1049
1079
1079
1051
1083
1090
1093
1048
1083
1084
1065
1039
1077
1086
1064
1042
1072
1076
1045
1055
1070
1039
1008
1033
1032
1006
1021
1030
1030
1007
1046
1057
1055
1047
1076
1080
1063
1085
1040
1130
1070
895
1279
1144
1090
1104
1096
925
1212
1104
1105
1078
1102
1101
1104
1069
1113
1126
1080
1101
1093
1072
1063
1090
1091
1060
1076
1090
1067
1089
1094
1078
1047
1063
1050
999
906
929
927
960
1012
994
1011
1056
1085
1085
1100
920
1181
1065
1049
1009
1035
1054
1034
1004
1116
1053
935
1161
1075
773
1279
1098
1059
1029
849
1248
1072
1045
1062
1056
1067
1028
971
1128
1072
875
1212
1088
794
1254
1105
1079
1080
1049
1074
1070
1054
1017
1060
1056
1067
1036
1068
1062
1038
973
984
890
865
853
866
774
1264
1134
965
1231
1101
745
1310
1142
1096
1084
806
1302
1111
1082
1081
1080
1047
1003
863
1193
1059
1030
1061
1081
1081
1061
1088
1116
1098
1060
1081
1053
1041
1058
1028
1015
1036
998
1018
1046
1026
1044
1085
1055
1066
1032
1055
1073
1052
1040
979
1092
1033
1044
1046
1006
1021
1044
1045
1033
1078
1103
1062
1084
1105
1114
1098
1115
1126
1099
1100
1117
1114
1104
1112
1091
1104
1107
1103
1093
1103
1113
1126
1071
1071
1064
1016
1025
1033
1022
996
1066
1102
1052
1093
1098
1060
1092
1060
1010
963
998
1011
993
1054
1080
1107
1072
1078
1062
1059
1089
1096
1091
1016
1020
1041
1045
1041
1014
1027
1057
1026
1039
1047
990
933
948
992
1027
1074
1120
1104
1102
1098
1104
1107
1125
1120
1110
1107
1098
1095
1084
1076
1046
1057
1036
1026
1049
1058
1057
1067
1057
1040
1062
1046
1035
1010
961
1002
1016
1005
1030
994
1047
1062
1020
1079
1067
969
941
930
901
701
993
818
796
771
751
738
726
726
725
729
741
742
756
763
760
762
763
765
685
817
746
740
739
749
755
756
755
764
757
752
753
745
743
739
669
797
736
734
729
727
729
729
729
722
714
709
708
622
788
714
705
705
703
704
707
710
707
707
707
704
702
703
697
678
701
689
691
694
692
691
691
690
700
696
694
695
692
688
682
633
716
672
667
662
659
656
652
648
646
642
640
639
605
667
640
619
657
639
638
638
637
634
636
638
638
638
636
640
641
642
643
643
645
646
648
646
647
648
647
647
650
647
648
651
651
650
648
648
650
649
650
646
646
646
644
644
644
644
644
643
646
645
644
640
642
639
641
641
641
630
636
639
640
644
641
636
637
639
638
637
635
628
630
631
630
627
628
626
627
625
628
629
629
626
628
626
628
624
625
621
620
620
624
624
623
622
619
618
617
622
619
624
619
617
619
619
619
626
633
634
643
655
672
672
680
654
658
628
637
658
649
639
649
645
642
656
661
657
667
685
689
685
671
712
816
720
1036
895
835
784
767
752
739
745
613
938
816
729
909
791
708
842
746
750
740
733
731
740
759
762
771
789
789
791
573
1063
848
641
1074
860
838
849
856
825
841
850
829
747
938
869
843
872
903
881
908
916
884
908
928
890
908
919
894
916
945
669
1140
975
934
956
969
943
811
1148
938
967
966
944
966
975
949
974
979
947
961
975
964
944
966
980
938
947
967
944
909
905
946
733
1133
966
937
970
978
980
956
924
1031
967
985
983
963
1004
1002
983
785
1221
1008
1036
1017
1011
1028
1019
997
760
1233
1060
1009
1043
1034
1010
1033
1033
1018
1018
1036
1030
1002
1038
1016
983
1011
1010
981
1022
1011
994
1003
999
982
1003
1003
960
993
1027
980
1035
1044
1012
1045
1051
1015
1040
1040
996
1034
1022
1021
1028
1023
695
1187
996
900
833
815
807
800
822
844
847
835
854
890
937
1026
1063
995
1016
1028
674
1188
1015
984
943
998
1031
1004
829
1254
1078
1102
1083
1032
1035
1028
1003
1042
1048
1046
1044
1055
1053
667
1276
1133
1061
1042
1010
1032
1028
1006
1042
1038
1017
1057
1054
1022
1060
1045
1035
1060
1021
844
1208
1001
1009
983
854
1109
990
947
926
918
919
949
849
1084
932
903
925
927
945
943
839
1040
947
911
930
951
933
957
957
997
1006
841
1118
953
928
932
935
938
948
679
1155
1012
978
932
940
963
977
847
1090
956
931
940
977
947
980
1015
988
991
1045
1022
992
1040
1037
994
1038
1012
1020
993
1013
999
968
950
969
958
1020
1016
1029
1025
1011
973
951
948
930
971
995
971
1013
1031
1006
1063
1068
1037
1013
1047
1053
1018
1039
1054
699
1236
1117
1083
1013
1028
1026
993
1009
1029
981
983
949
924
931
913
941
957
948
920
941
959
964
937
946
968
962
958
917
916
917
930
926
939
903
883
872
885
882
667
1057
897
889
858
830
836
849
874
868
855
856
879
931
977
949
921
897
884
883
898
878
888
915
980
947
934
906
896
909
922
891
873
879
867
868
893
920
915
953
976
942
954
985
1000
992
972
969
940
941
905
918
910
928
925
968
972
764
1169
1078
1008
985
945
962
955
942
916
942
967
961
952
970
925
952
977
986
989
958
964
973
962
968
950
975
1009
1020
1063
1087
1102
1076
