721
741
739
806
813
801
772
800
809
779
785
757
788
827
785
780
849
843
837
826
839
850
837
813
831
842
833
819
825
839
828
817
783
747
751
779
790
822
814
832
847
856
855
830
807
808
792
801
823
841
826
820
831
836
821
842
850
860
878
884
912
922
895
888
882
852
836
843
835
833
836
830
846
860
856
849
865
878
872
861
873
881
860
847
831
841
857
865
863
832
820
813
760
767
763
768
766
812
819
820
833
871
881
891
885
853
847
841
848
844
821
782
824
838
860
888
895
864
876
857
845
855
874
862
886
898
901
870
841
844
849
855
833
839
847
831
832
835
822
800
803
787
783
811
826
812
840
844
820
854
852
858
819
824
827
817
807
827
852
813
828
806
779
767
764
764
788
788
784
772
753
787
809
772
807
813
804
835
813
801
799
776
812
840
821
830
844
842
830
846
855
843
856
849
824
831
840
838
854
887
900
884
898
897
876
850
851
855
835
843
856
857
837
852
867
859
851
864
866
860
844
816
806
800
772
783
770
790
785
840
825
820
786
817
824
826
798
829
844
838
810
845
849
849
810
823
834
808
793
814
824
803
830
852
815
815
857
848
812
838
852
822
818
838
842
808
815
828
832
809
815
848
834
815
837
846
866
856
868
888
889
867
865
863
859
841
836
835
819
796
806
818
838
813
813
849
853
849
841
849
833
829
845
847
836
847
863
863
847
855
850
849
825
828
841
832
841
853
846
829
837
838
812
807
818
791
814
820
797
817
828
801
812
831
838
815
852
860
864
848
855
846
832
844
850
826
845
862
876
866
889
884
874
848
837
831
825
798
802
799
783
784
798
807
798
797
833
807
787
792
776
769
805
831
799
837
835
827
829
838
832
812
838
838
817
832
837
812
835
839
815
839
844
838
847
857
853
871
859
859
857
856
869
863
837
828
820
811
827
839
827
833
851
848
838
850
857
846
843
851
850
837
845
858
867
852
856
863
857
838
846
854
839
802
743
746
727
710
723
727
718
728
733
724
734
743
729
740
1473
718
710
698
890
496
691
693
686
688
703
680
679
677
663
669
661
666
655
644
649
649
648
643
645
641
638
625
633
627
618
617
619
613
611
613
614
605
610
615
612
604
605
609
604
607
608
601
604
603
601
604
604
599
596
600
602
596
594
603
594
595
593
602
604
599
597
600
603
601
604
612
604
606
604
599
594
599
600
595
596
595
587
584
588
582
580
586
584
584
585
587
582
578
581
586
585
587
593
583
585
587
595
591
589
595
590
592
597
593
590
591
1200
587
589
592
583
584
585
583
580
584
590
584
589
593
590
591
598
587
584
588
588
589
593
593
588
592
589
582
586
584
579
582
583
582
572
565
562
573
581
592
595
458
735
583
585
580
572
575
569
573
578
572
570
572
569
566
574
569
571
580
570
578
577
576
584
583
579
584
578
577
582
579
579
582
594
1211
1188
579
575
572
567
563
559
561
564
568
575
579
582
584
595
592
598
607
613
628
631
640
636
645
640
634
645
646
642
639
639
631
626
629
625
624
624
622
617
623
626
627
632
637
630
640
650
655
660
667
667
686
704
693
688
681
698
690
702
688
681
687
691
680
698
726
707
793
706
742
713
694
701
696
687
714
712
734
752
733
784
756
737
750
711
734
733
720
758
751
729
771
758
734
766
744
725
749
738
727
757
724
788
801
769
836
787
800
771
730
737
716
708
709
717
710
721
757
781
749
803
774
769
786
749
785
769
750
780
802
758
808
810
792
849
815
780
819
830
798
792
829
793
774
844
801
767
808
806
774
808
838
789
798
832
795
766
763
739
711
768
801
813
823
777
810
817
772
832
854
839
825
857
868
865
857
872
873
860
840
854
874
837
845
849
815
825
838
799
834
831
805
819
777
788
815
777
799
870
865
839
852
852
807
821
809
778
800
818
752
785
805
784
769
814
811
821
842
829
808
838
840
808
823
837
798
824
838
823
831
848
844
817
832
846
821
828
843
831
819
840
813
822
819
820
822
794
804
770
791
781
776
813
796
777
774
779
800
815
825
804
807
805
791
789
775
772
786
778
768
756
765
779
755
765
792
790
777
794
794
497
1028
813
814
826
821
830
834
832
850
862
854
873
880
862
848
846
823
828
813
813
828
824
822
838
419
410
835
817
811
808
813
773
796
800
806
814
810
821
810
819
827
802
805
805
799
775
801
786
777
805
800
805
799
789
774
752
755
762
765
750
749
766
762
755
778
795
771
795
800
770
808
780
808
817
774
752
749
749
741
735
733
757
778
778
835
837
837
827
842
834
812
819
826
810
810
822
813
803
822
841
823
837
850
827
837
846
824
821
834
814
820
836
821
832
844
821
824
843
843
826
837
839
772
819
821
798
842
862
856
867
879
865
843
843
838
825
853
840
836
826
849
823
778
760
734
731
743
764
787
824
814
780
737
739
739
730
758
789
824
836
811
827
827
777
760
820
813
816
818
808
815
821
791
788
772
767
808
821
854