540
1516
1102
548
1506
1118
538
1534
1150
523
1573
1180
510
1603
1179
508
1604
1175
507
1605
1199
1192
1186
1193
1197
1181
1207
1213
1150
1290
1185
1174
1153
1120
511
1549
1102
548
1510
1096
1090
1100
520
1545
1139
551
1604
1196
513
1593
1112
1103
1073
541
1483
1041
1031
1025
1020
1041
570
1461
1087
1094
1100
517
1537
1118
1100
1119
518
1541
1108
1091
1087
520
1518
1094
1082
1071
529
1503
1084
1068
1073
523
1516
1094
1094
1115
502
1581
1178
510
1579
1146
530
1550
1137
522
1551
1124
520
1550
1106
529
1522
1093
567
1478
1076
597
1461
1054
618
1423
1031
1046
1056
509
1515
1123
520
1537
1115
529
1519
1100
531
1508
1098
533
1450
1154
518
1533
1124
518
1565
1135
512
1546
1139
515
1557
1137
520
1564
1172
506
1584
1177
512
1568
1145
512
1541
1114
538
1521
1106
534
1539
1151
506
1596
1212
1199
1239
1235
1239
1227
1235
1229
1202
1232
1228
1218
1204
1205
1203
1190
1158
1168
1149
1140
1113
498
1592
1131
521
1547
1121
524
1539
1110
533
1518
1129
517
1561
1142
511
1546
1117
512
1534
1089
520
1508
1088
529
1493
1086
531
1511
1112
517
1540
1147
1152
1196
1215
1257
1262
1260
1247
1216
1210
1175
1178
1151
1139
1154
1147
1148
1155
1147
1169
1160
1142
1162
1147
1144
502
1587
1167
516
1566
1155
521
1563
1136
524
1549
1116
532
1536
1135
512
1567
1163
505
1583
1170
1184
1188
1187
1219
1230
1222
1215
1197
1201
1175
1165
1173
1153
1163
1157
1167
1158
1140
1153
1139
1147
1144
1129
1173
1161
1140
503
1594
1151
514
1562
1133
523
1540
1153
518
1555
1162
513
1573
1171
1144
1169
1164
1182
1217
1216
1235
1217
1191
1220
1181
1201
1187
1174
1199
1164
1141
1153
1137
511
1588
1155
513
1563
1141
516
1551
1117
526
1544
1136
513
1587
1181
1207
1202
1202
1217
1177
1139
1134
668
431
1101
504
1533
1071
538
1458
1016
973
974
956
949
945
927
942
946
947
946
947
956
936
951
944
942
936
931
932
911
916
906
900
896
870
890
871
859
871
856
842
852
581
997
947
897
831
526
954
896
879
866
864
862
584
905
845
834
830
819
818
810
804
549
854
785
771
793
602
855
798
800
802
534
864
801
802
802
505
859
795
644
853
784
568
838
782
529
834
774
540
827
764
522
813
745
628
802
732
522
794
735
546
798
738
527
804
742
532
808
745
739
741
742
740
743
735
740
737
740
739
734
741
739
736
734
734
734
736
731
734
739
731
732
730
731
733
734
728
731
731
727
726
737
743
746
693
680
681
687
672
685
687
675
688
684
679
692
687
688
696
688
690
699
688
695
703
681
704
714
718
500
977
733
747
748
743
730
490
1022
750
746
758
753
758
780
783
772
791
796
797
799
783
784
798
795
803
792
799
813
799
785
813
809
805
808
799
822
838
837
828
858
862
861
870
871
865
893
880
874
891
886
872
706
469
601
1177
974
962
932
899
706
1094
912
907
909
907
894
926
952
953
1002
998
1021
1028
1024
1031
555
1369
458
1411
466
1363
470
1328
933
914
923
930
898
912
923
904
948
928
945
953
957
957
956
921
940
943
922
940
955
969
946
976
985
531
1393
1028
998
985
519
1450
1010
1009
1028
481
1457
1051
534
1435
1052
528
1454
1061
511
1455
1055
521
1440
1044
521
1445
1050
513
1457
1051
513
1456
1047
517
1439
1025
527
1442
1048
508
1472
1054
502
1471
1058
494
1458
1013
535
1405
1020
523
1412
1030
519
1422
996
979
1001
487
1455
1043
504
1464
1009
538
1388
1003
541
1370
984
998
989
500
1478
1051
510
1492
1104
495
1510
1085
497
1487
1059
501
1478
1033
513
1476
1062
505
1505
1105
1093
1164
1184
1189
1281
1278
1252
1243
1218
1236
1215
1165
1195
1165
1179
1192
1163
1194
1182
1152
1185
1155
1208
1209
1181
1209
1195
1214
1227
1194
1235
1229
1201
1229
1183
1188
1201
1162
1176
1184
1166
1191
1160
1200
1198
527
1617
1143
499
1563
1099
518
1484
1061
1058
1051
521
1495
1070
1062
1058
509
1545
1110
525
1516
1090
538
1489
1055
1038
1048
527
1481
1062
1049
1047
536
1466
1032
1028
1035
539
1463
1063
675
1420
1057
577
1476
1091
547
1485
1078
558
1471
1048
1032
1014
525
1478
1077
533
1493
1087
523
1501
1066
542
1455
1057
563
1430
1028
1033
1059
512
1531
1119
514
1529
1114
517
1526
1103
520
1502
1073
547
1464
1034
1042
1044
510
1514
1109
513
1515
1088
517
1500
1082
520
1495
1071
525
1479
1076
516
1507
1100
513
1544
1132
505
1546