852
868
868
854
874
865
853
866
865
841
858
856
838
859
842
851
854
850
854
863
853
852
831
846
841
827
843
842
840
807
803
819
817
823
802
819
827
818
822
806
797
778
795
802
813
821
801
816
815
826
841
839
852
856
835
829
848
852
846
860
861
849
867
874
881
884
864
875
874
871
859
840
857
856
860
849
862
857
861
864
860
847
854
855
849
854
854
828
836
835
824
831
807
806
828
831
824
841
850
835
831
845
844
829
846
845
836
834
838
827
840
844
844
842
853
857
840
855
855
850
844
854
852
827
835
844
834
823
847
849
837
856
858
839
859
857
841
852
859
843
825
830
826
830
824
817
839
842
828
834
852
849
836
848
831
847
849
825
849
851
844
847
854
840
837
852
860
861
863
866
858
851
865
864
860
835
842
856
848
843
831
841
839
837
827
832
845
833
839
848
844
827
845
839
843
841
842
832
849
849
849
845
837
854
846
839
851
850
833
853
849
828
838
832
815
825
828
821
823
837
837
817
837
835
817
831
831
813
829
824
803
821
813
795
806
812
803
814
821
822
812
826
823
824
814
809
818
817
816
813
831
832
841
834
834
845
852
831
848
840
836
824
835
834
818
838
835
817
830
835
832
814
833
827
811
814
802
806
785
775
769
785
791
795
809
801
817
799
785
791
785
782
807
809
811
821
827
837
828
841
838
836
845
849
837
836
846
850
830
841
835
831
831
831
828
822
825
833
828
838
837
830
842
829
837
820
830
826
814
822
826
832
813
826
826
836
820
837
835
823
837
831
823
817
821
823
811
817
820
818
821
832
823
813
830
830
822
811
829
818
801
812
807
799
789
795
794
786
799
804
790
794
810
803
791
797
800
800
785
798
795
787
803
803
785
797
803
789
794
797
788
790
802
803
791
797
803
807
802
816
820
806
818
808
811
815
801
812
815
818
815
815
814
798
810
804
809
813
804
813
824
812
821
824
823
819
820
810
817
807
813
809
799
793
793
802
791
790
805
808
797
817
818
804
802
767
778
762
747
738
734
724
732
729
745
737
734
746
734
742
734
718
716
716
717
715
714
716
724
724
725
733
741
732
743
753
751
748
758
753
758
755
752
750
755
746
746
756
746
750
756
744
755
753
758
751
747
757
748
747
758
747
753
759
751
753
750
761
756
755
757
758
753
751
741
736
737
734
729
727
731
729
731
729
735
742
745
739
746
738
741
747
745
740
756
741
750
758
751
765
754
755
750
735
748
741
738
742
749
745
745
742
752
751
749
759
738
749
753
740
744
743
743
737
743
733
745
736
742
734
739
741
748
743
740
740
741
746
744
738
739
738
729
735
740
735
743
734
736
746
735
737
731
735
734
725
750
740
754
755
754
762
750
747
753
739
742
740
730
742
745
732
742
746
730
744
743
742
749
750
740
739
745
756
759
758
750
751
753
746
755
760
761
764
772
769
769
771
765
753
755
748
770
775
784
775
790
783
787
783
784
791
802
791
809
798
786
791
788
786
780
789
803
792
817
812
804
817
813
830
814
811
815
813
796
816
808
808
794
805
796
776
773
761
757
771
773
784
784
812
809
824
812
823
823
815
812
828
819
818
811
819
818
819
813
816
823
820
813
825
829
828
818
829
825
821
813
815
803
796
787
793
788
785
790
783
771
769
768
749
747
749
754
745
744
743
746
753
759
763
774
775
778
771
765
759
768
754
749
745
778
776
785
795
809
834
826
830
817
824
821
818
812
819
801
803
797
795
786
771
777
784
779
800
804
800
810
808
816
813
828
828
816
828
830
828
814
829
832
820
819
816
800
805
793
801
794
784
780
780
766
784
777
769
762
761
753
770
771
775
772
785
788
779
795
799
798
794
809
808
787
803
802
799
804
811
796
799
816
813
804
806
820
817
803
821
804
800
808
806
807
808
797
807
794
800
801
810
815
817
811
810
806
801
780
790
790
798
791
799
805
807
806
812
817
814
815
821
807
813
820
816
799
809
791
800
789
786
800
783
798
804
796
801
791
813
809
795
802
800
796
796
799
801
799
804
794
797
799
796
785
795
791
795
806
798
813
815
804
813
822
814
817
824
809
810
817
810
806
814
809
797
812
811
797
803
812
812
798
813
814
812
797
808
800
810
814
802
813
816
807
807
819
822
810
825
828
820
828
831
825
825
829
819
838
834
819
829
828
818
831
823
811
826
821
817
825
818
807
816
818
810
818
822
814
819
829
832
815
822
818
808
815
817
807
799
813
809
797
809
814
811
806
819
815
812
812
818
810
802
814
816
811
810
820
821
807
818
820
818
823
825
814
832
830
811
804
813
813
817
825
827
826
808
816
809
793
798
800
798
796
806
798
795
810
812
800
813
820
813
822
822
808
819
822
813
827
830
813
827
834
838
818
838
826
806
801
