1133
1138
1128
1134
1139
1120
1134
1145
1116
1130
1090
1080
1100
1111
1106
1084
1104
1111
1099
1080
1095
1121
1154
1156
1136
1162
1161
1156
1145
1166
1170
1159
1178
1174
1155
1181
1188
1174
1197
1199
1185
1190
1193
1183
1179
1179
1128
1132
1131
1132
1122
1117
1090
1081
1063
1055
1022
1035
1053
1021
1051
1063
1042
1064
1074
1104
1064
1045
1068
1074
1070
1055
1078
1100
1112
1096
1087
1066
1091
1103
1072
1096
1131
1118
1115
1094
1116
1106
1106
1105
1098
1090
1102
1100
1105
1090
1105
1104
1087
1110
1105
1084
1104
1112
1109
1111
1105
1104
1087
1101
1099
1098
1095
1090
1085
1079
1079
1087
1102
1068
1098
1059
1080
1093
1100
1074
1083
1089
1088
1085
1087
1086
1050
1062
1075
1097
1109
1118
1104
1121
1135
1139
1142
1143
1127
1104
1104
1112
1127
1143
1150
1154
1148
1140
1136
1142
1136
1126
1111
1097
1049
971
1000
1004
1035
1081
1099
1091
1084
1088
1082
1036
1056
1084
1094
1099
1101
1091
1085
1101
1118
1112
1107
1110
1107
1104
1084
1100
1105
1119
1123
1115
1109
1114
1131
1135
1125
1115
1117
1093
1096
1081
1063
1066
1077
1098
1106
1100
1082
1098
1100
1063
1090
1062
1072
1065
1079
1102
1113
1118
1120
1104
1082
1076
1083
1100
1102
1095
1067
1092
1099
1098
1110
1112
1104
1080
1084
1107
1104
1097
1111
1114
1083
1041
1074
1079
1096
1102
1097
1084
1110
1110
1111
1059
1073
1064
1069
1060
1070
1078
1078
1081
1082
1065
1051
1038
1059
1085
1095
1104
1105
1121
1139
1091
1120
1121
1110
1117
1105
1114
1102
1098
1063
1027
1014
1012
1037
1065
1097
1113
1119
1101
1048
1040
1059
1071
1083
1098
1111
1102
1078
1063
1037
1006
1042
1088
1120
1116
1083
1028
990
1025
1063
1059
1062
1049
1026
1047
1068
1043
1082
1085
1048
1087
1104
1079
1076
1083
1040
1068
1066
1059
1035
1052
1091
1112
1129
1144
1128
1094
1111
1110
1106
1076
1096
1099
1104
1094
1109
1114
1106
1086
1103
1095
1089
1091
1111
986
1047
1023
997
1003
1019
909
891
863
887
868
853
861
845
828
827
821
811
802
793
786
774
765
762
763
758
746
746
751
746
581
935
740
724
728
728
721
728
723
720
722
717
709
705
711
705
701
698
688
700
698
686
686
521
829
676
681
675
672
667
661
666
650
645
658
654
651
641
639
652
644
644
634
635
647
642
639
630
631
632
642
639
632
630
630
633
642
630
632
623
625
623
620
625
614
616
624
621
621
616
616
609
608
611
620
616
610
607
602
604
599
603
605
609
607
598
603
593
596
593
597
605
604
598
594
596
599
597
599
592
594
594
601
599
597
595
593
594
602
603
600
593
590
593
589
599
603
597
596
596
596
592
592
593
599
596
592
595
592
592
593
592
592
593
586
585
590
586
585
589
599
597
591
587
590
590
597
594
591
587
594
589
590
586
597
591
590
588
587
590
599
600
594
594
595
597
597
603
599
604
601
599
609
608
612
610
625
629
629
624
623
638
633
635
633
639
635
641
642
640
641
653
652
665
674
677
684
689
696
713
711
723
713
715
729
726
751
746
737
734
743
745
744
750
754
747
750
757
758
746
751
755
760
760
767
771
773
763
767
775
771
765
772
783
771
785
783
789
779
790
793
801
794
802
805
800
804
794
786
793
785
785
772
780
770
775
775
771
776
777
780
776
783
786
772
787
802
791
801
815
801
499
1105
813
536
1084
780
756
762
768
785
803
825
555
1169
865
483
546
671
858
880
867
869
874
873
899
887
896
912
918
879
899
871
856
807
843
853
475
519
711
817
800
783
794
793
799
788
793
797
829
823
821
501
1185
831
485
488
727
902
880
896
871
856
859
859
895
960
951
925
904
946
1024
1008
978
1011
1000
960
964
976
765
1295
986
949
917
926
934
938
929
915
906
942
1016
985
983
983
1062
1063
1055
1018
941
910
915
921
919
958
995
974
1007
1038
1007
992
966
974
1005
978
988
983
1007
1006
979
992
1066
1108
1063
1005
952
956
961
951
927
947
974
958
946
970
998
978
1006
978
936
949
958
928
922
925
939
991
983
1036
1019
1008
982
942
934
961
991
959
961
963
963
965
920
889
883
880
866
844
882
881
887
892
890
923
890
898
883
886
885
862
892
847
892
893
899
915
927
921
926
908
880
866
857
852
871
864
854
853
876
885
902
897
879
887
945
934
901
873
906
904
906
914
913
886
918
896
908
927
937
918
939
939
942
952
947
923
934
937
917
918
921
899
896
904
915
902
893
931
949
933
939
957
987
1007
1010
1012
960
962
979
975
971
935
922
944
971
957
938
946
918
938
544
548
771
945
909
917
928
923
907
894
898
945
964
958
960
946
934
912
901
920
925
887
925
923
934
937
946
946
942
912
927
911
898
903
899
904
919
911
910
930
999
998
989
941
921
910
927
917
905
895
920
908
931
939
933
938
932
918
897
881
899
891
928
961
969
948
978
1023
1021
975
1006
1024
1031
1023
990
1012
1056
1022
1006
1079
992
1011
1044
953
1000
1014
1021
979
1004
1041
1054
1036
1005
998
1028
982
994
1002
1047
1026
1034
982
990
960
945
956
983
975
953
956
974
995
999
994
988
974
983
980
992
983
983
980
990
960
938
953
