638
638
642
642
633
635
650
647
649
704
910
957
826
786
754
709
709
709
689
679
667
684
703
695
683
680
706
714
701
681
698
715
704
686
689
713
708
691
676
694
709
696
680
697
714
702
688
689
715
710
694
688
714
709
694
688
695
714
703
690
686
709
702
686
691
710
701
691
692
724
725
707
695
710
720
706
693
693
718
717
698
688
706
715
702
686
690
713
703
689
687
708
719
705
687
708
716
701
687
706
718
705
693
723
722
707
697
706
729
721
697
704
724
713
696
689
709
719
703
693
693
719
717
700
692
718
727
712
689
704
718
700
684
698
712
699
679
705
723
714
695
704
733
731
714
737
763
750
733
767
774
742
749
762
743
718
733
747
730
714
744
745
727
711
722
757
746
720
719
750
738
713
705
732
729
706
705
769
790
782
773
747
717
694
677
692
718
711
689
699
732
725
695
717
746
734
708
726
749
733
704
721
735
720
697
721
736
724
699
717
739
729
705
722
742
725
697
713
740
724
714
682
720
713
739
716
730
733
721
701
679
704
722
712
687
706
729
717
694
717
721
715
709
710
722
716
709
722
726
719
714
724
717
716
718
706
717
731
723
702
707
705
681
696
717
705
686
687
708
721
705
681
702
729
719
692
715
742
729
707
729
741
734
719
727
1256
1086
979
859
830
791
782
765
740
713
730
745
732
708
741
770
752
738
756
767
747
733
749
753
737
721
747
760
740
717
735
746
729
708
728
739
723
704
720
733
718
696
714
726
710
694
710
724
711
697
701
728
727
711
696
704
728
715
700
688
705
719
707
689
709
729
717
696
714
730
712
694
714
726
711
698
718
720
702
694
729
726
693
711
702
688
677
677
700
724
714
689
708
725
712
689
696
716
713
690
699
718
710
684
706
724
709
689
706
722
709
688
707
724
713
690
706
723
711
689
708
728
719
693
711
726
713
697
714
718
703
695
715
720
699
702
724
719
704
693
718
723
706
704
730
726
707
707
730
724
703
703
726
723
705
701
716
719
705
688
708
715
705
688
711
729
718
705
728
741
731
716
743
761
738
733
757
749
728
741
759
743
727
747
740
722
713
741
758
741
715
743
770
750
721
750
769
749
728
751
757
737
731
753
743
713
721
713
699
704
687
685
685
678
674
698
713
708
690
707
729
724
710
697
690
690
687
673
680
690
681
677
683
688
676
669
674
675
669
659
653
649
644
637
632
633
633
627
628
629
627
624
621
622
620
618
616
618
616
616
614
615
617
618
616
614
615
616
614
614
613
615
614
610
611
613
611
611
610
609
607
605
604
607
605
604
604
604
606
604
604
604
603
599
598
596
598
596
592
591
590
590
584
575
582
581
577
576
571
572
571
572
573
569
569
569
569
569
570
568
568
569
563
567
564
567
565
565
564
563
563
561
562
557
560
564
561
562
564
560
563
563
562
562
557
562
557
563
557
558
556
560
557
555
559
557
556
556
556
549
554
552
547
550
547
547
547
545
544
545
546
544
545
544
543
542
541
544
540
546
542
540
545
543
540
541
540
534
540
539
535
535
536
535
535
534
535
531
532
531
531
530
532
526
527
525
530
529
525
527
527
529
527
526
530
527
529
530
525
528
528
523
529
521
525
527
523
529
525
524
532
533
531
537
531
531
527
533
532
526
527
529
523
529
526
521
523
526
523
521
518
517
521
527
525
522
520
521
526
521
521
523
524
532
524
523
531
559
567
562
552
545
551
552
543
545
551
560
560
554
550
541
541
550
554
552
548
557
558
566
573
566
568
570
575
570
569
569
580
584
576
578
584
593
589
580
587
589
600
598
589
592
592
602
596
592
593
600
604
591
587
587
595
603
598
590
593
595
605
603
593
601
598
602
610
600
604
604
618
615
607
604
612
620
611
606
604
619
616
601
602
612
617
610
608
605
619
630
623
612
619
607
616
631
628
615
605
616
628
620
608
608
623
634
624
621
620
636
646
637
629
634
654
657
643
638
647
660
646
636
637
657
652
641
633
651
665
650
644
650
669
667
651
651
650
670
675
655
651
649
667
675
657
646
654
676
658
645
640
662
662
646
637
653
670
652
642
646
664
655
638
640
747
1134
962
772
719
671
641
625
644
659
648
645
650
656
687
698
673
664
668
694
705
678
661
662
682
686
667
648
666
692
687
665
660
691
688
662
669
692
688
659
672
696
676
655
674
699
683
662
661
688
684
659
652
671
680
658
644
657
675
661
646
649
676
671
655
649
673
681
661
648
668
690
676
653
656
676
675
655
646
664
678
663
647
657
679
669
650
649
666
677
657
646
658
668
656
642
659
676
661
646
655
677
667
651
650
677
666
651
646
660
675
660
651
648
660
659
650
646
644
640
618
631
642
643
630
628
619
613
634
651
644
645
655
657
648
660
685
697
701
710
699
698
700
675
675
692
674
685
698
708
673
673
679
677
670
686
690
655
668
683
694
673
656
689
696
677
684
670
688
699
692
691
683
650
651
655
658
654
652
654
646
634
618
639
659
653
644
644
663
675
679
663
665
668
665
672
672
657
669
676
652
641
654
659
656
634
658
674
673
688
683
661
664
666
667
663
683
679
660
657
678
682
664
670
679
682
697
699
677
675
759
1159
1018
864
820
774
749
725
694
679
671
695
689
673
668
669
669
686
681
666
688
711
701
683
689
717
713
695
695
715
719
698
685
707
718
702
719
721
705
699
729
735
721
722
743
738
719
701
710
710
700
711
721
743
725
699
690
694
712
691
688
709
709
688
689
710
706
686
681
703
704
685
688
719
711
687
693
714
697
680
705
701
696
700
717
697
691
691
688
699
691
676
696
705
687
691
670
662
670
652
655
667
660
652
650
648
683
681
671
668
683
704
715
695
682
678
706
680
693
696
679
663
676
690
698
704
681
668
682
689
694
684
682
682
689
679
666
