1050
1047
1069
1053
1054
1077
1051
1073
1074
1062
1066
1070
1056
1080
1066
1051
1064
1071
1056
1053
1068
1057
1058
1070
1063
1049
1067
1066
1049
1059
1071
1046
1055
1066
1056
1065
1069
1063
1058
1086
1077
1063
1079
1076
1055
1066
1073
1056
1050
1076
1063
1059
1077
1063
1054
1072
1068
1053
1065
1071
1050
1063
1072
1059
1051
1064
1061
1052
1052
1072
1050
1067
1069
1075
1052
1077
1063
1056
1054
1066
1045
1047
1062
1051
1039
1064
1051
1036
1049
1061
1034
1045
1058
1042
1040
1062
1038
1036
1055
1030
1034
1056
1046
1037
1053
1053
1045
1044
1051
1050
1043
1055
1034
1033
1056
1035
1031
1054
1046
1034
1055
1047
1031
1053
1061
1068
1057
1067
1069
1059
1070
1075
1047
1059
1076
1061
1056
1053
1065
1060
1048
1072
1057
1049
1054
1056
1042
1049
1062
1052
1041
1056
1044
1043
1049
1054
1039
1036
1034
1036
1033
1044
1038
1041
1031
1043
1030
1049
1057
1051
1052
1065
1064
1053
1074
1076
1059
1062
1080
1060
1060
1077
1072
1043
1056
1064
1034
1053
1055
1048
1047
1039
1048
1035
1040
1056
1040
1026
1034
1045
1038
1052
1059
1061
1047
1065
1075
1069
1056
1058
1063
1054
1056
1067
1057
1053
1065
1066
1051
1054
1066
1056
1063
1059
1063
1053
1052
1052
1063
1045
1063
1072
1050
1062
1075
1077
1050
1064
1074
1063
1052
1069
1077
1051
1071
1078
1063
1058
1081
1073
1070
1077
1077
1060
1085
1074
1060
1059
1078
1066
1055
1074
1078
1063
1078
1072
1076
1073
1080
1082
1059
1064
1084
1060
1061
1073
1058
1048
1065
1054
1039
1056
1060
1064
1042
1056
1069
1067
1053
1073
1066
1051
1070
1082
1053
1068
1076
1079
1062
1064
1067
1068
1061
1064
1065
1049
1053
1074
1057
1035
1052
1061
1062
1057
1083
1034
1063
1069
1079
1063
1080
1066
1056
1059
1065
1062
1059
1066
1070
1059
1064
1071
1073
1043
1061
1062
1053
1045
1060
1053
1048
1042
1064
1053
1045
1037
982
1066
1063
1046
1048
1019
999
978
973
957
941
947
938
931
927
915
903
899
888
889
879
869
867
853
859
852
838
840
826
828
834
819
824
815
814
820
817
811
812
801
807
805
806
801
791
801
798
787
791
785
787
784
776
780
775
774
773
767
769
765
763
766
756
762
761
756
758
760
755
756
751
742
754
749
765
768
765
764
776
771
767
768
754
758
754
752
753
742
747
748
744
746
740
742
742
733
738
732
732
733
727
729
729
729
730
724
725
731
725
732
719
724
740
744
739
747
738
759
743
751
755
748
747
750
744
748
749
745
737
765
756
756
760
761
752
750
746
748
750
742
747
740
741
745
735
743
735
736
734
730
733
727
726
726
727
727
719
726
723
720
728
717
717
728
728
724
746
741
746
748
750
768
780
770
779
788
793
784
794
775
806
776
829
834
795
827
878
876
847
841
849
817
838
834
825
828
856
848
829
862
843
832
837
833
818
829
818
819
813
817
820
837
828
840
831
818
825
809
812
817
819
803
855
836
852
832
819
819
824
813
830
821
816
822
826
854
836
890
879
876
923
889
914
907
902
901
905
955
931
922
952
960
952
960
962
952
970
949
971
992
963
994
964
992
984
973
971
980
950
997
980
956
989
982
976
1004
994
1021
996
1019
1013
991
1024
1003
1010
993
1003
1002
1006
982
975
981
1041
1006
1002
1015
1025
1021
1051
1045
1026
1047
1035
1044
1051
1025
1032
1045
1040
1053
1033
1008
1038
975
986
1008
1015
1016
1023
1041
1018
1035
1049
1049
1067
1036
1008
999
969
968
969
980
963
1000
1040
1062
1044
1047
978
1041
1042
1014
1041
1066
1042
1046
1029
1032
1021
983
965
957
982
967
949
1013
991
1034
1063
995
1033
983
974
1034
1026
1015
1015
1017
995
1008
1011
1009
1000
986
993
961
988
982
975
990
979
986
990
974
1000
988
992
1014
997
974
952
948
962
957
946
1002
973
1000
996
1011
1007
1005
1019
1016
1004
996
961
1008
1024
1028
1025
1073
1038
1036
1048
1043
1021
987
1000
963
958
1019
1026
1062
1036
1010
1066
999
1004
985
1029
998
985
1000
981
979
1005
993
978
999
957
974
818
1146
996
1012
1007
994
997
982
983
993
945
966
972
968
990
964
997
1009
995
1019
1004
991
1008
983
972
946
1120
1040
1035
1045
1037
986
1006
1016
999
992
1003
993
997
1036
1030
1008
1017
1083
1023
1003
1090
1015
984
979
952
938
923
915
907
905
897
894
896
917
917
921
905
907
902
909
902
921
954
930
959
956
1001
971
959
999
972
984
948
982
940
980
959
1019
951
974
942
962
986
992
1057
1043
1017
1036
1034
1033
1048
1022
1016
1027
992
1011
975
970
989
966
968
979
