959
1005
992
982
1014
988
963
961
978
983
937
964
971
934
952
988
932
902
930
926
972
1009
979
991
1035
977
1000
1014
1002
981
1019
1036
993
1014
1020
979
999
1041
1048
999
980
1015
988
955
1004
994
979
988
1076
1090
1000
982
1007
958
963
1009
979
961
1003
1031
990
981
1009
988
963
992
1021
988
1001
1021
973
983
1028
1020
975
1008
1003
974
1003
1021
982
1003
991
960
973
1004
973
971
1016
985
957
994
1003
967
968
1002
996
942
973
998
973
982
1045
1021
990
1052
1041
999
1022
1024
1006
1021
1069
1033
1017
1037
1009
1030
1019
1003
1021
1030
1005
1007
1009
999
977
906
900
908
915
905
923
920
854
847
838
828
818
822
823
805
805
790
791
799
785
782
782
751
754
740
740
731
721
689
637
609
666
743
741
726
725
710
713
700
693
692
688
686
688
681
678
678
674
667
670
665
666
673
667
663
668
656
658
665
650
657
646
646
646
646
635
653
645
643
642
646
646
635
638
635
626
631
636
624
635
631
633
637
636
636
637
635
628
631
625
624
622
626
623
628
623
616
625
614
611
607
613
620
620
615
615
619
608
612
614
606
611
616
608
611
615
613
603
603
611
606
614
614
604
610
609
603
604
604
601
607
611
599
607
604
595
598
603
597
604
607
597
600
602
593
596
602
597
603
605
594
593
595
594
590
599
603
590
596
596
586
588
598
587
588
595
585
583
594
592
584
589
591
578
585
590
584
598
591
582
590
586
574
587
595
595
604
604
589
603
603
603
605
594
610
614
598
593
603
613
630
636
641
646
648
661
690
685
696
710
749
763
789
800
813
822
850
824
791
754
810
787
772
777
798
791
770
775
814
801
833
845
839
822
785
769
793
790
786
810
834
812
794
812
786
753
770
785
830
848
851
832
816
797
827
815
797
817
811
794
808
804
787
778
803
788
771
790
793
773
780
813
817
824
854
859
840
889
926
865
880
905
908
885
899
874
885
905
878
891
919
898
889
910
909
894
893
921
909
895
923
928
903
905
926
952
921
923
944
919
935
944
985
950
926
965
969
928
955
966
936
947
979
944
948
972
950
927
967
960
932
953
963
925
958
953
915
942
957
937
936
973
969
925
957
979
949
991
994
964
986
988
960
978
1004
946
979
997
956
965
997
965
967
1004
949
975
985
950
958
989
954
953
1022
980
938
974
970
934
954
965
948
965
969
940
968
968
941
954
984
944
949
