770
786
805
860
868
831
837
831
801
814
821
869
850
841
805
778
713
726
737
744
782
790
810
811
841
854
878
838
820
846
878
846
804
821
813
770
785
808
824
836
802
789
763
744
788
810
825
813
858
826
771
784
780
782
723
711
698
709
715
743
751
733
740
745
780
770
806
810
752
699
670
770
718
740
734
781
783
795
788
789
769
787
809
827
795
789
836
868
865
868
817
807
827
866
890
887
864
843
850
845
855
850
825
849
845
875
879
870
831
813
834
839
855
853
843
831
806
802
837
836
820
792
754
700
713
747
804
827
842
811
797
843
834
828
816
797
777
795
801
818
815
784
806
828
832
876
834
790
779
745
738
742
762
729
732
730
773
803
846
865
839
780
791
820
855
897
877
824
808
823
862
852
853
815
809
833
832
844
842
812
852
858
838
788
766
746
741
766
804
831
830
840
827
797
795
807
813
816
831
824
837
800
809
804
825
833
831
830
789
779
812
821
845
842
805
792
782
826
853
854
858
829
784
798
796
802
801
771
791
801
817
810
778
790
813
828
868
864
776
772
771
749
762
749
735
735
721
727
711
722
705
691
678
688
684
710
724
742
746
774
797
812
785
765
768
767
762
750
754
769
772
761
735
747
786
793
835
822
803
776
768
760
774
791
813
829
841
844
822
818
827
833
857
838
811
848
846
869
847
830
802
809
757
773
723
725
715
724
733
747
754
754
763
777
796
792
793
808
833
821
838
828
822
811
828
836
828
834
813
800
813
808
785
795
776
783
768
737
742
709
713
718
753
761
764
788
797
789
791
828
823
826
814
779
810
806
793
770
793
777
782
779
773
764
741
742
724
706
713
708
723
725
726
711
693
702
705
718
750
746
761
764
733
751
738
724
741
738
724
736
729
752
739
741
739
745
751
757
751
734
736
719
712
690
679
663
656
651
656
667
674
704
684
688
683
688
667
657
654
679
691
705
715
714
691
687
688
679
698
720
730
747
751
730
720
692
677
649
654
645
662
672
685
696
702
725
698
691
701
680
671
670
674
686
687
694
686
693
665
665
655
666
658
654
653
655
659
657
651
634
628
624
624
618
618
622
611
611
617
620
641
632
627
630
628
623
621
623
617
606
613
625
661
698
718
716
706
681
671
664
678
698
657
670
656
640
633
653
658
672
700
747
779
752
725
694
673
654
646
637
649
655
654
654
647
646
636
635
640
634
636
644
635
628
643
637
646
659
652
655
647
634
632
622
612
603
606
608
596
603
596
598
601
613
613
624
616
590
598
591
582
572
583
584
581
598
600
599
604
611
610
614
621
621
626
626
619
625
622
648
653
638
642
636
628
618
605
591
587
585
579
572
574
572
570
565
561
561
550
557
549
546
545
540
541
529
536
541
543
542
530
535
528
533
542
546
549
553
562
559
562
570
571
569
571
577
580
587
589
585
584
588
582
579
575
580
584
583
573
581
580
577
565
567
575
566
559
572
565
561
567
562
564
561
559
561
558
576
578
594
603
603
618
607
617
619
620
627
611
623
620
627
622
638
634
642
642
635
621
627
617
609
610
606
620
608
620
629
656
641
632
640
634
618
628
635
621
627
626
641
628
626
623
651
633
644
637
643
632
637
629
617
620
625
619
611
605
619
609
600
612
616
607
614
611
639
665
645
659
667
646
637
627
626
636
632
639
648
649
612
642
630
666
689
696
711
673
664
704
795
761
796
790
753
769
743
713
710
741
777
797
778
756
714
652
709
678
712
739
750
745
768
773
772
746
759
758
773
748
782
790
748
757
785
794
777
786
806
765
784
776
754
765
782
780
742
746
755
746
722
726
716
680
687
731
718
775
805
811
788
790
809
807
769
805
794
789
783
771
800
765
793
815
795
788
826
830
777
811
814
800
777
796
828
789
791
806
820
771
804
827
840
808
861
870
820
867
846
815
773
814
826
814
766
832
829
841
801
829
821
804
784
801
830
864
833
834
846
833
800
812
803
784
785
789
811
779
791
806
828
789
830
829
819
816
852
862
852
813
813
819
793
802
817
847
811
815
845
850
792
812
820
812
784
805
818
790
813
825
822
810
827
846
787
805
820
829
794
841
835
812
798
801
792
736
754
782
800
775
785
789
771
780
769
719
710
677
666
640
655
649
664
678
700
686
691
688
696
693
699
680
664
647
655
646
643
652
651
654
646
648
630
628
616
616
622
631
643
635
646
641
647
639
630
629
615
612
607
806
264
716
595
586
578
578
568
563
558
575
570
589
603
609
634
647
668
655
633
637
630
634
627
613
602
597
598
579
598
591
608
636
681
680
688
671
701
724
735
702
692
681
671
666
691
685
680
672
685
712
730
705
689
671
675
676
696
690
692
692
702
701
697
696
689
680
677
660
674
654
653
643
630
627
657
680
684
703
756
767
744
688
677
655
644
641
625
650
639
638
643
643
642
635
640
624
604
621
604
628
621
635
652
682
687
712
692
712
686
662
650
624
636
631
609
617
647
681
691
703
716
701
684
702
709
723
705
698
676
667
672
649
656
663
654
671
699
671
656
659
658
673
681
688
705
715
715
713
710
682
659
658
656
661
644
642
633
639
641
624
633
617
605
588
585
581
597
616
650
714
708
711
718
782
760
761
730
738
716
688
669
676
658
679
666
687
699
701
715
739
702
702
671
664
647
649
639
628
640
634
692
676
697
741
729
711
699