841
859
847
875
902
887
864
852
842
850
854
862
884
932
927
887
906
893
878
861
854
837
879
890
900
892
912
938
915
899
882
886
883
881
896
928
894
933
938
925
935
953
962
965
957
952
968
993
972
950
971
974
975
964
979
991
979
969
982
984
950
965
976
955
950
983
982
970
970
969
984
969
956
971
978
956
940
976
976
986
952
963
972
974
947
989
988
975
953
979
968
966
948
956
979
933
925
912
908
914
927
938
923
909
953
962
904
926
909
895
866
892
927
919
928
945
946
934
947
944
918
938
956
944
943
930
938
947
948
931
968
981
960
952
960
956
943
930
990
966
974
954
952
962
955
950
957
974
974
967
977
982
971
958
983
979
963
960
971
980
957
966
970
957
942
951
942
931
945
922
916
901
889
878
927
1012
990
991
980
976
952
971
980
998
998
985
981
988
981
970
969
983
993
990
977
981
978
979
974
973
969
988
988
966
944
943
955
953
951
941
961
963
945
941
945
958
925
920
930
936
933
918
923
939
929
903
916
928
927
933
919
951
945
939
922
932
937
939
930
928
940
939
946
938
952
956
948
928
931
941
947
930
932
948
945
947
932
935
939
940
928
926
946
924
918
904
930
931
930
925
938
940
947
933
934
937
924
913
932
934
925
902
917
922
938
920
924
936
940
924
921
932
930
926
909
927
933
928
914
926
938
938
936
936
939
932
912
903
915
912
905
931
925
915
930
936
937
915
914
921
913
910
899
923
945
941
917
934
957
959
950
944
938
931
930
902
899
898
894
907
897
911
937
949
943
922
939
933
932
930
964
962
965
950
955
949
968
963
956
963
937
943
954
970
954
979
966
961
975
979
973
980
975
988
1017
987
982
992
980
982
945
922
929
952
957
897
889
895
888
869
857
832
841
822
813
823
814
805
815
807
805
809
797
795
781
772
770
772
767
768
748
748
763
746
738
733
726
731
721
730
726
718
711
715
722
714
705
711
715
721
704
701
708
716
701
701
698
706
696
693
688
688
685
680
673
679
679
675
674
673
674
667
665
668
675
665
658
661
669
656
653
661
668
652
655
660
666
654
654
657
664
660
654
655
658
662
653
656
667
662
654
658
661
663
661
659
660
657
661
651
657
663
645
651
657
653
648
647
651
649
639
645
652
646
639
640
648
646
635
640
645
643
633
633
643
481
768
634
634
479
762
628
628
627
629
628
624
623
632
629
624
630
637
633
630
633
639
636
629
630
637
636
626
623
632
634
624
623
624
632
631
621
625
627
630
628
626
627
626
626
622
621
621
621
617
617
612
607
612
604
597
601
602
597
592
594
595
594
593
592
587
589
598
451
574
736
498
705
604
597
601
603
602
604
602
609
645
653
646
636
649
663
682
668
424
938
718
714
699
688
701
769
815
866
865
846
818
806
803
854
800
760
725
740
778
829
829
847
992
876
844
745
701
687
680
688
709
721
727
712
726
744
751
748
738
757
791
799
797
791
820
821
806
800
808
803
800
792
808
821
823
804
822
838
831
833
854
879
851
830
848
869
880
843
854
885
892
857
864
893
896
879
919
912
892
867
879
903
911
899
924
929
904
903
908
914
894
891
905
937
909
896
896
909
868
877
896
894
873
871
900
883
873
893
907
878
861
868
874
827
811
812
806
799
802
780
775
796
817
813
839
859
876
864
906
919
908
886
907
906
908
911
905
918
909
895
891
871
876
886
907
901
901
918
928
923
902
908
921
943
911
926
931
924
904
899
946
931
915
934
942
938
911
917
943
951
925
923
924
907
896
903
901
909
897
910
907
882
875
888
902
897
867
882
885
884
871
888
889
895
852
854
870
852
836
844
846
839
844
854
857
836
838
853
854
864
878
895
901
874
884
889
893
856
851
854
889
884
866
868
865
843
837
835
811
805
790
795
811
809
825
848
858
846
848
869
886
903
882
885
891
898
896
876
897
900
910
894
903
912
899
908
909
905
918
916
896
905
896
911
911
893
898
912
896
917
889
896
884
889
904
920
913
921
952
957
953
955
959
951
955
931
932
940
932
919
904
924
926
914
895
905
919
930
922
907
913
934
938
938
913
902
913
931
931
905
917
927
933
937
919
930
938
944
935
915
924
929
919
906
930
951
941
923
926
930
940
940
904
915
924
928
931
917
920
920
904
898
918
866
847
832
814
813
794
786
784
806
815
813
823
828
848
853
854
842
865
877
882
883
887
883
905
913
891
895
889
892
895
902
900
894
886
891
901
885
886
899
897
896
901
906
913
904
896
880
875
854
870
874
877
892
910
921
914
914
921
910
875
868
871
881
