299
620
1093
920
890
920
947
951
946
967
950
962
991
1007
1009
983
995
1009
982
988
1004
1006
986
985
982
992
972
956
965
984
962
974
988
957
940
939
919
909
973
1024
997
1002
1033
1022
1018
965
986
1000
972
979
1010
1013
1000
991
997
1034
1043
1040
1025
1061
1061
1036
1038
1029
1016
1043
1009
1022
1052
1041
1009
1027
1038
1010
1016
1030
1036
1005
1010
1032
1044
1058
1049
1045
1043
1075
1080
1051
1056
1072
1063
1037
1055
1054
1045
1041
1058
1044
1032
1034
1018
1014
1036
1015
1009
1021
1037
1036
1005
1019
1021
1015
1004
997
988
988
1007
984
989
1016
1005
987
997
1008
996
984
968
968
987
968
942
979
973
971
978
981
983
981
972
993
1019
1031
1033
1025
1031
1023
1024
1034
1025
1026
1033
1040
1033
1018
1010
1014
995
995
992
1015
1011
1014
1015
1014
1007
1029
1035
1024
1023
1013
1020
1019
1006
979
981
988
969
968
981
986
967
956
965
973
979
951
967
976
964
953
970
966
956
958
974
985
988
986
998
1011
1012
1005
986
954
984
945
930
986
1022
1045
1012
1030
1036
1054
1044
1031
1021
1017
1024
1021
1021
1025
1021
1020
1010
976
975
1001
999
973
990
1010
991
973
983
982
959
963
956
960
955
924
935
932
949
939
948
981
1001
985
989
1007
972
938
953
977
972
960
974
1009
1006
991
1017
997
981
990
997
994
1016
1035
1041
1038
1032
1023
1010
1021
1021
1026
998
1047
1053
1041
1024
1052
1066
1068
1062
1035
1021
1053
1055
1029
1019
1053
1054
933
292
1198
748
490
323
441
998
865
1468
369
706
639
391
253
671
1313
1005
1021
998
1006
1011
1007
986
989
1000
984
969
970
989
978
979
1000
995
974
993
1019
1009
997
998
1006
985
971
979
975
954
947
964
978
983
967
978
984
993
991
991
1013
1023
970
944
973
969
951
938
921
916
875
877
871
847
863
856
837
837
847
828
828
829
827
826
824
813
810
796
791
783
806
794
809
802
815
828
803
828
819
803
813
814
792
815
821
809
795
768
789
792
778
770
774
774
755
762
757
745
739
763
757
755
763
774
761
771
778
772
757
761
772
752
771
763
754
763
757
744
743
752
774
748
760
759
745
762
763
760
771
744
733
728
730
734
733
733
727
714
730
736
714
735
728
729
760
761
743
778
765
764
765
745
748
718
743
726
718
727
735
727
718
738
722
726
713
746
726
729
722
758
749
749
765
739
733
756
755
734
733
719
705
725
734
724
715
743
753
734
756
751
743
763
759
751
765
737
723
743
748
734
708
762
738
724
724
759
756
745
734
757
741
755
771
757
737
763
758
768
739
737
736
740
738
727
735
770
747
742
751
777
763
799
796
779
793
788
755
768
1009
911
898
910
885
866
864
873
850
860
942
934
892
903
948
910
873
932
924
905
905
924
862
818
805
799
773
826
912
883
902
934
943
872
934
935
896
945
980
909
978
990
891
952
997
935
1020
992
965
961
1021
1080
975
1030
1035
970
1011
1060
979
1012
1037
1013
943
1010
1003
944
942
987
984
936
1003
1002
968
964
994
997
941
988
1005
962
933
990
1011
962
954
1014
970
944
989
986
894
928
1039
995
956
998
1012
963
963
985
974
930
967
1025
972
964
1007
1059
999
1003
1027
1015
966
966
1010
992
974
1004
1041
1001
975
1049
1045
982
1031
1021
996
1012
1064
995
979
1007
980
947
1042
1011
957
982
1033
998
977
1014
1051
1009
1013
1041
1046
993
1000
1049
1006
974
1021
1018
957
1000
1062
1019
1009
1043
1039
1002
1015
1051
928
902
948
999
964
1019
1023
990
1031
1069
1023
975
1060
1012
956
981
978
935
997
1029
1002
998
1096
1065
1040
1042
1076
1056
1040
1022
1058
1055
997
994
1066
1037
979
1008
1088
1047
1006
1040
1049
1034
1017
1063
1040
1023
1084
1079
989
1064
1067
1011
974
1038
1042
1012
977
1051
1040
1001
979
1026
1055
1004
994
986
1039
1049
1050
992
999
965
967
980
1001
938
975
1001
979
978
1012
1034
995
967
1047
1014
974
962
1013
992
979
1042
1003
994
992
982
1015
986
1007
1028
1009
1000
1017
1059
998
1002
984
983
1007
951
1008
1037
990
950
1017
1008
982
1001
1015
979
977
971
970
945
884
936
971
1007
964
916
897
918
905
951
968
988
949
1044
1072
1055
1055
1020
1009
982
961
1016
990
1010
958
1021
998
974
987
1032
987
973
1037
1054
986
1005
986
943
1014
1018
982
976
941
997
977
961
1015
1010
959
941
932
911
1098
1030
1041
1042
1024
1004
981
958
991
1024
1037
1021
1035
1023
1012
998
982
951
962
903
928
1009
967
987
1013
1005
954
1020
1000
972
1007
1003
980
991
1021
1001
976
1037
1033
992
987
1008
1009
1001
1003
1023
1005
993
990
1003
1010
991
973
1001
1008
990
968
996
1002
1014
972
978
992
984
973
951
969
978
950
982
979
962
950
964
983
993
960
966
972
971
979
969
961
957
978
973
948
961
973
977
961
992
1000
974
953
976
940
949
979
990
949
963
987
950
979
