852
846
879
881
890
883
905
912
894
920
920
906
938
1870
950
938
911
879
906
899
881
915
910
902
938
939
938
914
933
931
914
869
901
912
915
895
937
937
941
929
939
937
925
896
929
924
896
915
911
888
884
909
919
912
934
934
929
922
937
919
927
919
903
922
916
897
934
937
926
943
944
940
916
942
943
939
928
945
946
947
932
955
945
938
927
947
933
920
897
925
911
898
920
915
894
896
893
903
925
913
935
927
920
946
938
934
927
1813
882
855
894
882
893
898
899
896
889
866
891
901
903
924
927
920
916
925
918
904
884
871
907
914
927
929
917
922
903
921
907
905
899
887
890
894
891
885
865
854
882
902
921
943
948
944
931
976
972
965
941
949
941
915
943
939
943
930
936
948
951
947
960
931
924
944
929
910
890
901
887
909
898
917
918
914
909
915
907
903
906
923
939
943
938
930
933
924
918
905
918
894
920
918
920
924
912
900
874
893
896
897
894
888
875
861
853
872
869
873
878
852
813
879
875
894
915
920
920
921
908
877
886
870
867
836
850
848
852
857
856
888
897
904
946
966
973
985
1013
994
987
1025
1008
987
977
994
992
975
985
997
996
979
985
994
997
973
985
977
947
928
945
941
927
923
921
918
896
931
910
896
891
905
906
902
889
878
890
888
884
881
897
893
898
914
922
921
907
900
927
927
932
932
912
908
919
903
899
883
894
890
882
886
884
872
877
890
874
896
887
877
873
888
894
893
897
892
874
902
906
915
909
889
902
902
897
881
853
855
900
915
932
931
931
935
933
925
920
911
865
865
880
882
885
889
872
863
1715
854
854
851
845
867
867
869
869
871
866
875
879
882
883
877
1730
862
861
851
868
872
882
886
884
862
880
903
924
920
948
949
945
928
932
919
928
929
922
917
911
903
1781
862
875
880
1739
881
892
896
884
871
831
833
836
827
820
812
804
806
791
778
788
768
760
764
761
748
747
745
738
728
720
729
710
711
703
715
709
706
708
721
720
725
725
732
735
732
729
726
738
733
727
714
703
715
720
721
718
713
704
721
715
700
691
700
699
694
687
687
693
708
700
699
683
678
688
685
677
672
684
690
691
686
684
702
698
692
682
680
691
689
690
680
684
702
699
693
683
697
704
696
678
688
703
699
685
685
699
696
688
675
677
682
478
872
648
667
662
651
647
648
657
650
643
641
640
659
663
652
651
675
673
662
659
662
678
683
683
676
666
670
680
676
665
660
672
660
653
639
646
661
658
654
645
644
659
659
646
644
648
657
654
638
638
660
654
662
647
646
656
664
649
653
673
675
679
664
657
662
680
669
659
653
674
675
672
662
644
635
639
635
640
631
628
629
635
650
646
646
653
683
675
658
724
714
711
708
751
752
747
777
790
784
777
775
797
785
780
777
802
813
808
787
793
830
810
806
833
819
798
810
826
809
834
848
840
807
797
832
834
840
810
870
865
857
851
845
845
848
852
839
828
834
864
862
832
867
864
852
840
863
866
860
843
875
883
868
881
886
887
900
896
895
877
856
870
897
900
898
879
854
885
882
901
894
879
858
854
893
906
885
884
934
936
907
874
920
933
939
935
894
932
930
918
920
1820
896
912
913
895
914
915
897
919
914
903
878
897
892
887
885
852
838
885
883
882
881
906
924
923
918
903
928
928
924
918
938
946
939
933
958
968
979
979
966
972
967
954
946
960
931
937
962
970
982
979
960
933
965
946
923
880
916
934
948
951
956
945
972
986
985
981
961
948
953
946
930
955
946
936
926
913
896
950
949
954
958
961
948
946
930
932
929
917
901
866
886
896
898
885
900
896
881
873
883
885
877
863
863
867
881
868
882
897
886
897
902
902
896
885
923
925
910
929
939
945
937
950
938
936
936
934
931
905
929
929
909
877
914
906
902
908
913
917
920
916
903
875
880
871
859
834
857
854
854
840
831
854
857
871
878
871
886
882
897
892
887
892
1724
881
875
875
873
863
866
897
898
907
899
915
908
910
905
906
1739
884
871
860
843
830
814
792
805
809
811
807
826
835
839
839
841
848
856
1664
848
852
857
852
853
872
882
877
886
899
899
885
893
899
904
891
872
856
890
900
909
890
894
916
916
918
945
942
940
956
934
906
929
916
905
1771
886
880
873
862
868
881
868
878
877
878
865
853
872
869
855
870
866
861
850
856
860
859
850
854
863
847
841
855
856
852
870
867
897
891
871
892
919
927
928
933
916
892
904
907
888
1774
893
887
871
890
893
896
898
896
888
877
862
845
867
876
890
938
936
938
935
938
924
931
904
903
886
896
897
896
876
868
891
887
886
866
867
904
909
910
