702
702
705
711
712
721
721
725
723
717
717
700
697
706
709
714
710
730
726
726
721
727
716
715
722
735
733
727
730
731
737
730
737
737
733
734
743
740
743
744
754
747
743
753
749
753
747
752
739
736
745
749
749
759
758
747
742
739
737
730
731
743
749
746
748
760
748
749
744
743
743
735
742
723
710
716
734
733
739
751
753
747
739
746
744
746
744
753
744
750
747
752
748
754
766
763
765
771
764
759
749
757
743
734
745
748
746
744
757
753
745
750
745
735
729
743
739
738
739
735
729
720
734
722
725
729
740
729
730
731
741
734
740
746
750
748
746
757
748
747
743
743
735
729
742
732
738
735
744
741
740
750
744
749
753
756
752
745
756
755
759
759
753
750
749
750
740
739
751
744
740
745
742
736
729
744
737
742
760
773
772
771
773
761
762
757
760
751
746
745
732
735
729
730
716
719
717
721
720
721
733
727
730
730
743
729
729
739
738
736
735
745
732
731
729
729
726
728
737
727
719
737
735
735
723
736
727
727
734
748
737
735
754
746
730
739
742
729
723
723
714
707
703
712
712
723
720
729
721
715
729
729
726
719
735
731
735
741
740
729
731
744
737
737
741
745
738
730
737
730
733
731
730
722
723
728
729
722
729
731
723
727
731
739
732
732
746
745
739
733
743
740
734
733
741
729
720
714
715
703
701
704
702
708
705
714
714
717
733
731
729
725
738
731
728
728
738
729
728
735
735
724
721
725
713
712
719
729
730
722
733
739
731
728
737
745
734
723
692
676
683
689
698
709
712
713
709
729
722
723
723
737
731
736
737
732
729
725
735
724
726
732
741
741
740
751
755
742
729
747
736
741
744
758
749
743
747
753
740
738
748
746
731
735
740
726
718
707
720
701
700
700
710
706
713
717
729
714
716
722
719
721
725
739
731
733
725
731
725
718
721
718
717
711
722
710
707
703
699
695
696
702
714
716
719
718
730
716
709
719
715
710
728
733
723
723
737
731
724
722
728
720
714
729
705
687
677
663
641
671
648
650
655
657
659
675
681
679
688
686
688
688
688
686
689
688
681
689
692
690
699
698
695
699
702
700
707
709
709
722
727
703
698
705
698
696
697
697
691
702
703
699
703
709
716
710
716
729
719
696
688
641
646
644
638
643
640
634
629
640
644
643
638
644
632
631
639
647
648
648
664
662
658
646
659
663
658
628
616
598
592
584
580
574
565
563
557
554
546
546
543
540
536
533
532
527
523
518
518
518
514
513
507
504
505
506
497
496
495
498
494
492
485
486
488
484
480
479
480
479
474
473
472
470
470
464
466
462
464
460
459
456
458
458
460
453
453
454
452
455
451
453
446
450
447
448
446
445
447
444
441
444
441
446
444
442
441
437
443
438
440
439
437
439
439
438
436
438
438
436
435
435
429
435
433
434
431
430
428
435
436
433
434
432
430
434
433
433
428
435
432
432
430
428
429
432
430
430
424
431
429
429
429
425
429
428
428
424
424
423
428
423
426
421
424
424
425
420
418
424
420
420
419
416
420
419
418
417
414
415
420
414
418
413
413
417
415
416
411
414
415
414
416
409
414
414
415
411
409
414
412
411
410
407
408
412
414
409
411
405
412
409
413
406
409
408
410
409
404
407
408
409
409
406
407
407
408
405
404
403
408
408
407
403
402
407
408
407
410
404
410
408
409
406
403
409
406
409
406
403
407
407
406
402
405
405
406
405
404
405
407
405
407
401
405
405
405
401
401
401
405
402
400
400
401
400
397
397
799
400
396
401
395
400
398
398
395
398
398
398
399
394
398
396
397
395
397
398
396
399
392
397
395
399
396
396
396
401
401
400
399
402
409
413
413
415
415
415
419
421
419
420
420
422
426
423
421
421
420
433
429
438
437
439
441
440
445
446
444
447
447
451
454
452
461
455
455
455
447
452
446
444
452
446
452
448
453
454
454
458
464
465
469
472
473
473
474
467
458
460
461
461
464
466
469
473
478
481
484
483
481
481
468
480
471
468
480
487
493
503
513
511
518
515
518
515
517
517
520
517
510
512
515
517
516
518
509
510
529
528
535
534
535
535
530
531
523
524
522
521
524
526
531
533
536
536
536
534
535
531
523
512
494
509
502
505
509
517
512
503
521
535
538
555
552
558
555
554
561
561
558
563
557
569
564
559
561
557
558
560
555
553
534
539
558
556
561
557
552
553
552
556
552
556
553
561
563
564
565
563
569
574
571
570
566
564
564
559
564
563
570
563
565
563
565
569
576
568
570
569
577
569
1138
562
560
559
556
554
547
583
584
590
591
579
575
576
575
574
567
568
567
575
569
568
571
572
577
571
571
577
580
570
570
560
560
577
580
585
591
579
579
578
582
591
583
588
584
589
581
580
582
589
590
588
585
589
591
587
586
584
590
588
581
573
572
577
582
585
584
589
594
588
583
584
582
581
570
575
579
583
595
586
590
587
597
606
602
600
603
607
618
607
613
616
621
617
608
609
612
620
612
608
601
600
634
640
649
663
664
646
639
640
636
630
618
621
621
616
610
604
607
614
614
615
617
611
600
593
595
593
597
603
614
620
618
618
622
635
640
643
643
649
656
650
650
640
645
656
649
646
642
645
640
634
634
633
627
625
622
624
634
626
625
621
631
626
625
627
631
627
626
624
625
631
627
626
624
631
621
612
611
618
615
622
618
623
625
631
633
632
631
629
636
629
628
626
628
623
622
619
621
629
627
625
625
629
631
632
629
630
634
631
634
635
641
637
640
639
643
646
636
631
626
627
627
624
617
624
631
639
634
633
630
637
628
627
623
624
622
621
619
622
625
627
625
630
634
634
634
633
640
649
644
645
645
645
639
634
630
631
629
624
616
616
615
615
612
613
616
620
634
625
629
628
629
633
632
629
626
626
621
616
616
622
632
628
633
629
633
629
630
629
629
626
625
624
620
621
616
618
623
619
626
625
632
636
632
634
620
645
656
651
648
643
619
613
603
602
594
590
588
590
591
599
605
605
606
596
597
598
591
613
620
635
640
641
643
638
628
624
619
624
630
632
630
630
631
628
637
635
634
635
640
638
624
626
616
630
615
621
628
613
616
613
616
619
618
621
629
624
631
629
634
634
634
631
630
627
626
625
627
627
616
631
638
644
662
661
663
658
652
639
623
605
594
581
573
573
564
569
565
557
555
548
551
548
552
555
570
577
593
606
617
635
639
646
651
664
659
656
666
665
651
640
642
643
647
635
633
622
611
610
608
607
611
614
620
622
623
629
628
635
634
632
629
629
633
631
627
619
611
