712
690
715
702
677
698
710
702
723
743
724
740
738
757
758
766
771
764
769
762
762
757
771
776
784
766
792
758
786
760
792
767
804
787
801
780
778
813
782
772
827
848
810
866
834
857
821
836
809
822
815
822
825
836
813
853
823
844
831
834
845
817
828
813
848
805
826
806
815
789
806
823
814
837
795
824
795
792
776
806
806
819
822
841
854
811
824
827
822
815
794
778
771
782
771
773
781
779
778
788
805
813
809
821
814
817
842
833
837
838
835
828
811
803
805
782
812
785
820
852
809
835
798
823
800
816
808
801
820
808
830
810
806
825
804
815
826
837
844
830
827
829
807
818
827
823
797
798
798
778
800
784
757
795
828
838
842
797
893
489
1188
849
836
828
810
800
799
789
782
781
772
786
810
816
804
827
812
830
814
826
810
818
809
791
817
822
813
828
813
825
809
826
815
806
776
807
810
822
777
829
785
790
777
790
778
794
790
790
811
804
825
817
828
825
786
801
819
825
815
797
825
843
847
837
829
824
811
815
791
791
795
798
785
786
798
791
802
803
799
807
776
789
768
783
777
784
786
775
794
773
784
809
805
818
809
822
809
807
803
796
803
796
824
831
827
829
815
818
807
811
803
797
806
771
805
800
798
793
799
791
795
800
795
801
803
802
813
796
803
809
801
795
782
770
795
804
814
827
803
817
816
793
812
793
789
804
788
807
816
804
814
822
818
798
814
816
811
789
813
817
813
813
805
798
810
794
805
804
789
797
811
793
793
803
792
807
797
776
795
798
788
796
795
788
779
788
810
830
837
842
827
839
843
813
832
828
823
830
823
812
820
816
814
813
776
808
805
804
814
818
832
816
835
810
824
812
825
824
805
813
809
784
796
795
772
792
789
787
789
785
792
780
776
792
791
774
794
791
794
788
781
792
789
771
783
789
774
795
804
790
807
809
799
785
754
824
828
837
837
820
830
834
835
743
894
840
838
831
839
830
836
824
832
831
829
813
820
816
801
810
805
812
804
807
811
814
804
809
801
811
820
812
817
816
819
806
814
815
806
801
810
794
793
795
791
789
795
784
793
786
773
789
784
780
793
782
784
779
777
775
791
800
793
798
805
792
812
799
810
806
782
749
727
733
711
708
700
700
699
703
701
707
702
704
688
681
696
670
676
673
675
665
678
680
674
670
685
679
678
677
675
684
482
787
686
675
682
665
672
669
672
677
668
665
673
668
669
660
662
669
665
667
655
658
663
661
665
650
653
660
655
657
648
649
657
654
649
654
649
642
658
652
646
650
641
643
649
650
640
645
634
631
644
643
637
634
641
641
634
643
643
637
637
647
638
632
637
631
628
640
630
625
634
633
633
639
636
630
626
646
635
632
637
626
632
634
626
617
624
620
618
624
616
612
619
616
615
614
617
615
613
622
612
613
623
617
613
618
610
610
617
607
609
614
611
605
605
614
610
611
617
610
614
612
616
608
615
611
607
617
612
610
610
615
609
604
613
611
604
610
603
596
611
607
604
610
608
604
611
605
606
610
607
604
609
610
610
603
611
611
614
613
615
609
609
611
382
827
621
601
593
600
594
595
600
597
595
594
602
592
594
601
599
604
616
606
608
609
604
600
611
601
592
597
631
644
654
652
669
659
654
638
677
668
666
672
658
657
664
657
649
665
670
666
665
674
669
661
671
667
662
674
674
670
685
680
680
697
688
704
704
704
716
698
705
714
714
712
729
729
713
720
722
718
735
729
720
740
729
722
735
727
733
737
733
765
754
757
778
766
753
775
762
755
775
764
743
767
761
751
783
776
763
792
781
771
794
798
778
795
796
777
757
802
806
781
754
794
797
780
760
796
812
794
768
827
835
830
774
816
828
835
807
781
769
874
498
1105
804
809
783
762
809
814
814
786
816
829
832
805
796
828
830
813
788
833
842
846
815
830
841
840
817
815
839
826
838
817
836
834
827
806
807
816
821
803
797
817
823
807
770
848
797
799
823
827
812
815
791
790
785
765
767
755
748
755
752
743
755
748
753
758
751
746
739
728
746
737
729
743
576
895
767
762
771
783
792
789
779
782
776
781
772
758
771
748
750
759
742
748
747
741
741
742
730
733
718
723
729
735
739
735
747
739
749
746
740
749
736
743
738
729
740
733
742
736
738
735
730
739
734
739
746
746
737
744
728
727
732
720
710
715
710
711
722
729
725
731
741
743
746
750
747
754
752
764
760
771
776
780
782
788
793
784
729
787
801
801
804
799
791
796
808
820
820
813
811
809
803
802
791
797
793
797
796
785
794
794
788
793
793
788
786
791
790
784
785
772
773
770
755
748
751
737
743
751
749
756
757
770
771
769
767
766
771
746
759
752
749
749
749
751
751
747
756
757
752
761
746
748
753
735
735
733
724
716
721
725
734
737
733
733
733
725
732
726
718
728
737
738
749
750
757
747
744
733
742
737
742
739
731
751
740
742
757
766
770
776
776
769
738
772
751
755
743
754
763
755
774
780
779
790
785
790
801
800
782
791
793
790
771
772
754
761
747
757
740
748
746
755
759
768
758
774
776
772
777
766
773
761
774
772
774
772
778
783
789
732
810
769
765
757
746
733
724
725
731
