812
826
834
837
830
799
806
827
840
833
803
789
809
826
812
780
780
799
821
799
805
819
833
842
805
791
795
801
810
824
821
834
808
792
812
837
849
852
826
811
818
839
854
861
851
810
793
795
807
820
836
838
817
829
859
868
860
829
825
846
853
823
794
786
796
808
806
794
813
851
859
852
849
811
805
814
821
815
816
823
824
808
802
781
770
799
820
836
841
821
816
821
835
819
792
786
785
802
806
809
788
792
800
818
831
824
832
818
822
794
786
795
802
814
812
800
813
842
840
827
792
783
804
806
838
803
793
807
825
845
844
828
829
835
843
855
863
839
824
833
855
852
842
820
831
834
828
815
800
803
799
809
781
794
803
814
836
867
832
804
805
810
811
830
817
804
802
813
842
835
825
811
803
807
812
813
804
789
786
796
818
807
805
813
842
870
862
819
814
806
804
826
804
792
810
839
851
856
832
807
812
817
827
844
823
798
788
813
827
837
848
836
813
795
819
841
837
839
812
819
826
844
826
809
798
813
823
834
833
794
789
782
802
808
784
768
771
789
813
825
819
792
798
798
791
803
811
781
764
785
787
796
814
801
783
784
778
794
801
804
820
791
778
782
794
802
780
749
728
735
740
752
774
777
763
780
789
794
778
757
762
766
787
802
805
789
780
769
773
781
789
788
794
787
780
784
789
807
827
831
827
819
814
818
817
801
782
790
789
809
818
825
797
763
778
780
800
824
819
801
783
801
818
829
798
785
803
806
802
779
789
806
803
811
791
772
781
780
797
798
802
776
780
784
792
807
808
785
770
742
740
749
754
755
738
727
738
744
753
765
765
765
767
757
744
747
759
770
793
785
778
803
838
860
872
853
823
821
826
825
827
816
813
793
787
790
797
820
823
806
810
833
821
830
809
796
788
782
774
771
790
800
801
793
804
826
848
822
809
790
774
768
753
746
745
739
753
772
777
764
761
752
766
746
743
772
780
795
795
767
740
716
712
716
729
745
761
790
784
781
791
812
836
851
822
809
806
805
812
804
795
795
772
746
750
731
711
707
684
665
663
646
633
624
618
609
597
602
590
579
574
578
571
565
561
552
555
551
547
551
545
543
547
545
542
538
536
538
535
535
536
540
542
533
534
535
527
525
525
525
521
518
516
515
515
517
512
509
507
506
502
501
508
502
498
491
494
498
491
487
486
488
488
489
488
487
482
482
487
488
489
483
483
484
485
482
481
479
479
480
485
483
480
479
479
476
476
475
477
474
472
471
469
468
473
470
474
473
470
471
472
470
470
468
470
471
471
469
468
461
471
468
466
461
462
464
463
461
459
454
455
454
461
457
455
450
455
454
453
452
450
453
452
450
448
446
451
453
453
446
453
453
453
452
448
451
454
451
451
449
449
450
453
450
452
446
450
453
453
451
450
447
453
452
450
453
447
449
452
451
453
450
445
451
449
448
446
442
449
444
441
445
446
447
442
444
451
447
447
440
449
448
446
445
448
449
447
448
445
442
448
444
445
441
443
446
441
443
437
438
440
446
443
446
445
446
441
443
448
445
448
447
441
444
444
445
439
440
445
443
442
444
441
441
443
441
439
438
437
440
440
438
440
438
434
438
444
444
441
444
438
444
440
444
442
441
449
448
455
452
447
450
367
410
635
528
508
481
476
496
527
531
525
520
499
486
493
514
533
541
528
518
504
491
490
501
511
525
522
525
518
503
506
521
529
535
540
529
512
515
550
572
569
572
553
533
529
547
553
563
564
543
529
527
518
515
519
541
554
542
541
591
598
595
582
558
542
545
552
562
566
537
544
547
545
555
544
535
552
561
573
593
581
563
561
568
580
591
572
562
568
564
553
541
538
535
559
635
634
654
656
601
657
696
732
702
695
678
685
721
682
579
557
564
582
584
572
582
610
604
581
594
593
610
613
623
592
585
590
596
579
585
598
600
586
593
591
592
577
579
578
577
583
584
583
579
592
594
610
602
615
622
625
604
607
592
580
593
576
595
577
606
573
582
567
572
567
561
562
564
587
620
664
667
666
706
771
781
719
658
630
628
633
617
614
627
633
633
623
592
596
584
609
624
608
666
633
633
627
608
623
636
681
682
658
629
631
632
608
601
636
640
604
618
596
602
587
597
603
616
604
611
673
702
760
740
709
700
706
715
709
684
693
705
730
699
669
692
724
753
748
707
674
646
619
628
695
722
691
666
708
721
746
729
700
695
701
718
732
700
708
714
729
710
694
719
741
730
720
712
717
721
676
654
663
677
674
660
641
635
606
604
596
617
655
648
658
674
706
671
647
665
662
658
635
630
645
657
682
692
680
664
629
626
607
605
621
657
670
689
680
677
718
723
714
693
693
704
703
686
689
673
650
651
671
675
695
685
672
664
660
662
646
640
618
637
612
628
611
622
640
609
620
602
604
604
600
598
606
610
603
604
613
617
651
680
685
660
647
665
673
691
683
686
719
726
713
706
692
699
720
703
684
656
642
640
672
698
680
693
730
754
755
729
721
728
727
719
708
700
705
708
704
700
723
756
761
753
772
793
775
779
711
651
653
660
650
633
665
754
772
775
762
759
725
714
713
710
752
761
755
766
757
721
644
652
639
671
671
698
707
700
700
707
671
662
676
694
706
687
681
687
686
689
708
702
694
680
686
710
753
737
726
729
749
742
751
757
741
714
702
709
707
704
703
749
763
749
760
735
736
731
740
740
722
716
733
752
767
741
729
733
722
712
700
694
710
730
746
745
729
722
713
719
712
706
692
693
691
696
696
695
705
697
686
677
670
672
687
694
704
703
688
678
682
704
711
718
709
720
722
736
726
718
718
723
724
725
703
697
716
707
720
713
711
732
739
758
714
706
713
724
732
717
704
703
698
679
662
665
684
689
689
703
726
733
739
722
718
726
740
753
736
727
736
740
752
770
746
727
725
727
733
729
722
718
726
743
743
736
737
743
757
759
757
734
725
723
731
727
738
746
722
714
727
729
734
722
714
710
720
734
752
756
737
741
747
764
766
779
745
748
760
768
774
749
